Category	Term	Count	%	PValue	Genes	List Total	Pop Hits	Pop Total	Fold Enrichment	Bonferroni	Benjamini	FDR
UP_KW_DOMAIN	KW-0732~Signal	159	31.115459882583167	2.1305936771560602E-25	725283, 102656821, 102654246, 100578144, 113218574, 726094, 102654405, 102656669, 677678, 408405, 410566, 724477, 409173, 406066, 100576529, 410452, 100578703, 100577974, 413560, 100578666, 100576253, 410976, 410975, 100578672, 100577584, 724464, 726886, 552478, 551268, 724735, 724619, 727170, 550735, 413210, 412484, 410581, 410063, 410624, 411317, 727243, 100578046, 726391, 412767, 412764, 100578042, 725622, 724378, 552073, 102653658, 724771, 725988, 726554, 727522, 725621, 113218918, 100576702, 409709, 409827, 100577513, 102656640, 412813, 410515, 100576152, 727593, 107965367, 724760, 726703, 724645, 726424, 100578618, 725969, 100577527, 411176, 677674, 100576279, 100578613, 100578731, 100577522, 102656198, 412825, 406145, 100578345, 726294, 724393, 724312, 412829, 406143, 724308, 100577819, 726848, 551632, 100577537, 100578744, 412791, 100576961, 100578347, 100577387, 102654158, 726286, 102654795, 725353, 102655889, 409889, 408317, 100578193, 408273, 100578072, 406093, 408395, 725114, 726206, 102653748, 726329, 102654839, 552558, 552799, 413532, 552836, 413256, 100578238, 100577028, 100578995, 100577156, 726352, 726990, 725380, 725660, 100578123, 102654146, 727161, 726592, 411358, 406083, 726758, 100192200, 409751, 100192201, 100192202, 406088, 551179, 102654660, 100578368, 113219006, 413705, 100577168, 411888, 408896, 727392, 726185, 409187, 409341, 100576192, 724569, 100576919, 107965285, 726737, 100576758, 100577847, 408807	271	1428	4914	2.0189928369871932	3.1958905157340904E-24	3.1958905157340904E-24	3.1958905157340904E-24
UP_KW_LIGAND	KW-0349~Heme	16	3.131115459882583	1.2888351957067099E-9	410405, 410515, 102653899, 726240, 725159, 408453, 727598, 413908, 408452, 443552, 551179, 552679, 551544, 551632, 102656882, 113219203	66	72	2102	7.077441077441078	1.9332527023685486E-8	1.9332527935600648E-8	1.9332527935600648E-8
UP_KW_MOLECULAR_FUNCTION	KW-0503~Monooxygenase	15	2.935420743639922	3.2255708137964357E-9	408930, 726362, 410405, 102653899, 725159, 408453, 727598, 413908, 408452, 551179, 413590, 552679, 551632, 102656882, 113219203	126	50	3151	7.502380952380952	1.3224839467973482E-7	1.3224840336565387E-7	1.2579726173806099E-7
GOTERM_CC_DIRECT	GO:0016020~membrane	107	20.939334637964773	6.0600171026233055E-9	411657, 726094, 408405, 410566, 724117, 409452, 410452, 100577974, 102655332, 410052, 410976, 100576497, 410975, 411665, 724348, 724226, 726886, 113219370, 724619, 113219372, 412883, 413211, 410581, 411317, 725460, 726792, 412925, 410626, 100578046, 412764, 102653899, 100578042, 725622, 724378, 725225, 725988, 725108, 726798, 107965199, 727007, 100576428, 102656882, 113219203, 726260, 100576152, 727593, 725732, 102653922, 724760, 408453, 413908, 726786, 726424, 725456, 413590, 412540, 551527, 100576157, 411692, 102656198, 102656231, 412825, 100578345, 410405, 724393, 412829, 412827, 724429, 552205, 100576446, 411186, 409646, 100577387, 100577385, 102655521, 409924, 100578352, 409889, 726206, 726322, 724304, 552558, 552679, 551869, 100576458, 413256, 100578238, 100577028, 410140, 413816, 725660, 102655631, 408428, 412203, 102654427, 725026, 107965279, 408381, 727324, 552149, 113219366, 100578498, 411888, 100577440, 100577043, 726185, 410683	226	2115	7247	1.62227034038369	2.666407200591081E-7	2.6664075251542546E-7	2.6664075251542546E-7
INTERPRO	IPR017972:Cyt_P450_CS	13	2.5440313111545985	8.556262046412305E-9	410405, 102653899, 725159, 408453, 727598, 413908, 408452, 725621, 551179, 552679, 551632, 102656882, 113219203	301	42	8818	9.067710805252334	4.338015459626199E-6	4.3380248575310385E-6	4.1925684027420295E-6
GOTERM_MF_DIRECT	GO:0004497~monooxygenase activity	14	2.73972602739726	9.330782175423362E-9	410405, 102653899, 725159, 408453, 727598, 413908, 408452, 725621, 551179, 413590, 552679, 551632, 102656882, 113219203	238	51	6938	8.002306805074971	1.688870150284849E-6	8.709072698373521E-7	8.420374155886001E-7
GOTERM_MF_DIRECT	GO:0005506~iron ion binding	17	3.326810176125244	9.623284749584001E-9	408930, 410405, 102653899, 725159, 408453, 727598, 413908, 724226, 408452, 725621, 551179, 413590, 552679, 551632, 551527, 102656882, 113219203	238	81	6938	6.118165784832452	1.7418130265900444E-6	8.709072698373521E-7	8.420374155886001E-7
INTERPRO	IPR012464:DUF1676	10	1.9569471624266144	1.825834758120114E-8	100577387, 725660, 726094, 552558, 726185, 724393, 725622, 726206, 725988, 102656231	301	22	8818	13.316218665055874	9.256939477841897E-6	4.398303781348952E-6	4.25082613976526E-6
GOTERM_MF_DIRECT	GO:0020037~heme binding	17	3.326810176125244	2.3769461821111463E-8	410405, 410515, 102653899, 726240, 725159, 408453, 727598, 413908, 408452, 443552, 725621, 551179, 552679, 551544, 551632, 102656882, 113219203	238	86	6938	5.762458471760797	4.30226338998807E-6	1.4340908632070584E-6	1.3865519395648355E-6
KEGG_PATHWAY	ame00981:Insect hormone biosynthesis	8	1.5655577299412915	2.9530116843749766E-8	551179, 410405, 406147, 412458, 551632, 408559, 724216, 724721	65	17	2905	21.031674208144796	2.067106069758573E-6	2.0671081790624837E-6	1.8603973611562353E-6
INTERPRO	IPR036396:Cyt_P450_sf	13	2.5440313111545985	3.470062154910416E-8	410405, 102653899, 725159, 408453, 727598, 413908, 408452, 725621, 551179, 552679, 551632, 102656882, 113219203	301	47	8818	8.10306071958719	1.7593060695930696E-5	4.398303781348952E-6	4.25082613976526E-6
INTERPRO	IPR001128:Cyt_P450	13	2.5440313111545985	3.470062154910416E-8	410405, 102653899, 725159, 408453, 727598, 413908, 408452, 725621, 551179, 552679, 551632, 102656882, 113219203	301	47	8818	8.10306071958719	1.7593060695930696E-5	4.398303781348952E-6	4.25082613976526E-6
UP_KW_MOLECULAR_FUNCTION	KW-0560~Oxidoreductase	28	5.47945205479452	7.26434777962758E-8	409712, 406147, 410405, 102653899, 725400, 551179, 551632, 551533, 102656882, 113219203, 726362, 408930, 725274, 408559, 725258, 725159, 408453, 727598, 413908, 724348, 724226, 408452, 413590, 551465, 552679, 551544, 724838, 551527	126	223	3151	3.1400099651220725	2.9783782621306543E-6	1.489191294823654E-6	1.416547817027378E-6
GOTERM_CC_DIRECT	GO:0005576~extracellular region	28	5.47945205479452	7.338222445851997E-8	412825, 411317, 100577156, 406145, 113218574, 727161, 677678, 406083, 107965279, 406088, 406143, 100577513, 413560, 413705, 107963967, 100577584, 725353, 408317, 408273, 409187, 406093, 724464, 102653748, 552478, 551268, 413532, 677674, 100577028	226	273	7247	3.288858633991377	3.2288127798096866E-6	1.6144089380874394E-6	1.6144089380874394E-6
GOTERM_MF_DIRECT	GO:0016705~oxidoreductase activity, acting on paired donors, with incorporation or reduction of molecular oxygen	13	2.5440313111545985	9.311063393043769E-8	410405, 102653899, 725159, 408453, 727598, 413908, 408452, 725621, 551179, 552679, 551632, 102656882, 113219203	238	51	6938	7.43071346185533	1.6852883523710283E-5	4.213256185352305E-6	4.073590234456648E-6
INTERPRO	IPR002401:Cyt_P450_E_grp-I	12	2.3483365949119372	9.828390202269454E-8	551179, 410405, 552679, 102653899, 551632, 408453, 727598, 413908, 102656882, 113219203, 408452, 725621	301	42	8818	8.370194589463692	4.982869928049638E-5	9.965987665101226E-6	9.631822398224065E-6
UP_KW_LIGAND	KW-0408~Iron	20	3.9138943248532287	1.2587629590424528E-7	408930, 410405, 410515, 102653899, 726240, 725159, 408453, 727598, 413908, 725400, 408452, 443552, 725621, 551465, 551179, 552679, 551544, 551632, 102656882, 113219203	66	161	2102	3.956333521550913	1.8881427754635638E-6	9.440722192818395E-7	9.440722192818395E-7
UP_SEQ_FEATURE	TRANSMEM:Helical	122	23.874755381604697	7.135131801628753E-7	411657, 726094, 100576480, 408405, 726097, 410566, 724117, 409452, 410452, 100577974, 102655332, 100577334, 410052, 410976, 100576497, 410975, 411665, 725159, 724348, 724226, 726886, 552636, 100576816, 113219370, 724619, 113219372, 412883, 413211, 413210, 113218602, 410581, 725460, 726792, 100576783, 100578046, 408500, 102653897, 412764, 102653899, 100578042, 725622, 724378, 725225, 725988, 725108, 726798, 107965199, 100576428, 102656882, 113219203, 726260, 100576152, 727593, 725732, 102653922, 724760, 408453, 413908, 726786, 726424, 725456, 413590, 100576714, 412540, 100577921, 551527, 100576157, 102654452, 411692, 102656198, 102656231, 412825, 102654841, 100578345, 410405, 724393, 412829, 102656907, 724429, 552205, 100576446, 411186, 409646, 100577387, 100577385, 102655521, 409924, 100578352, 409889, 100642169, 726206, 726322, 724304, 552558, 552679, 551869, 100576458, 413256, 100578238, 100577028, 410140, 413816, 725660, 409512, 102655631, 412203, 102654427, 725026, 107965279, 408381, 727324, 100576749, 552149, 113219366, 100578498, 411888, 102654530, 100577440, 408539, 100577043, 726185, 410683	297	2302	8241	1.4705438397879755	1.1772278686372761E-4	1.1772967472687443E-4	1.1630264836654868E-4
SMART	SM00020:Tryp_SPc	11	2.152641878669276	2.37509292563472E-6	410624, 726286, 726352, 724308, 411358, 409143, 724477, 726329, 409827, 550735, 113219006	112	57	4042	6.964598997493734	1.8524030909872202E-4	1.8525724819950815E-4	1.8525724819950815E-4
UP_KW_CELLULAR_COMPONENT	KW-0472~Membrane	127	24.853228962818	9.707195261669525E-6	411657, 726094, 100576480, 408405, 726097, 410566, 724117, 409452, 410452, 100577974, 102655332, 100577334, 410052, 410976, 100576497, 410975, 411665, 725159, 724348, 724226, 726886, 552636, 100576816, 113219370, 724619, 113219372, 412883, 413211, 413210, 113218602, 410581, 725460, 726792, 100576783, 412925, 410626, 100578046, 408500, 102653897, 412764, 102653899, 100578042, 725622, 724378, 725225, 725988, 725108, 726798, 107965199, 100576428, 102656882, 113219203, 726260, 100576152, 727593, 725732, 102653922, 724760, 408453, 413908, 726786, 726424, 725456, 413590, 100576714, 412540, 100577921, 551527, 100576157, 102654452, 411692, 102656198, 102656231, 412825, 102654841, 100578345, 410405, 411457, 724393, 412829, 102656907, 724429, 552205, 100576446, 411186, 409646, 100577387, 100577385, 102655521, 409924, 100578352, 409889, 100642169, 726206, 726322, 724304, 552558, 552679, 551869, 100576458, 413256, 100578238, 100577028, 410140, 726352, 413816, 725660, 409512, 102655631, 412203, 102654427, 725026, 107965279, 408381, 727324, 100576749, 552149, 113219366, 113219006, 100578498, 411888, 102654530, 100577440, 408539, 100577043, 726185, 410683	169	2584	4361	1.2682667118544708	1.5530381714301544E-4	1.553151241867124E-4	1.553151241867124E-4
GOTERM_BP_DIRECT	GO:0007608~sensory perception of smell	16	3.131115459882583	1.0802124702910307E-5	102654841, 100576783, 102654530, 102653897, 100642169, 726097, 100576480, 102656907, 100576816, 100576749, 100576714, 100577921, 677674, 102654452, 113218602, 100577334	174	151	6458	3.9327091421176825	0.0018562505159982479	9.611598806988258E-4	9.499182446672606E-4
GOTERM_BP_DIRECT	GO:0055085~transmembrane transport	18	3.522504892367906	1.1241636031565214E-5	409646, 412925, 413816, 410626, 100577385, 102655631, 409924, 412764, 410566, 102653922, 724429, 113219370, 113219372, 552149, 412540, 410683, 100576446, 411186	174	190	6458	3.516152450090744	0.001931704119121469	9.611598806988258E-4	9.499182446672606E-4
UP_KW_PTM	KW-1015~Disulfide bond	32	6.262230919765166	1.2551128162274868E-5	410624, 100577156, 406145, 726352, 726391, 411358, 724477, 107965279, 409751, 406088, 406143, 724308, 410452, 409827, 113219006, 413705, 726286, 107963967, 409187, 409143, 409341, 726329, 724645, 726886, 551268, 552636, 724619, 413532, 551869, 550735, 100577028, 412484	48	306	861	1.875816993464052	1.255041929727474E-4	1.3806240978502353E-4	1.3806240978502353E-4
INTERPRO	IPR043504:Peptidase_S1_PA_chymotrypsin	11	2.152641878669276	1.8681718576485966E-5	410624, 726286, 726352, 724308, 411358, 409143, 724477, 726329, 409827, 550735, 113219006	301	57	8818	5.653552485865828	0.009427004343382617	0.0013530901883254836	0.0013077203003540175
INTERPRO	IPR001254:Trypsin_dom	11	2.152641878669276	1.8681718576485966E-5	410624, 726286, 726352, 724308, 411358, 409143, 724477, 726329, 409827, 550735, 113219006	301	57	8818	5.653552485865828	0.009427004343382617	0.0013530901883254836	0.0013077203003540175
GOTERM_BP_DIRECT	GO:0050911~detection of chemical stimulus involved in sensory perception of smell	15	2.935420743639922	1.992447611918455E-5	102654841, 100576783, 102654530, 102653897, 100642169, 726097, 100576480, 102656907, 100576816, 100576749, 100576714, 100577921, 102654452, 113218602, 100577334	174	140	6458	3.976600985221675	0.0034211784207250906	0.0011356951387935194	0.0011224121547140629
INTERPRO	IPR001314:Peptidase_S1A	10	1.9569471624266144	2.362235164043465E-5	410624, 726286, 726352, 724308, 411358, 409143, 726329, 409827, 550735, 113219006	301	47	8818	6.233123630451686	0.011905238852431554	0.0014416654482687764	0.001393325581167062
INTERPRO	IPR009003:Peptidase_S1_PA	11	2.152641878669276	2.5591694347966445E-5	410624, 726286, 726352, 724308, 411358, 409143, 724477, 726329, 409827, 550735, 113219006	301	59	8818	5.461906638887325	0.01289134063216224	0.0014416654482687764	0.001393325581167062
UP_SEQ_FEATURE	DOMAIN:Peptidase S1	11	2.152641878669276	2.9627081755053427E-5	410624, 726286, 726352, 724308, 411358, 409143, 724477, 726329, 409827, 550735, 113219006	297	57	8241	5.354775828460038	0.004876611437588441	0.0024442342447919077	0.0024146071630368545
KEGG_PATHWAY	ame01100:Metabolic pathways	37	7.240704500978473	3.3402845085415956E-5	409712, 100577156, 411657, 102654366, 412923, 412843, 552073, 409250, 412829, 551044, 409751, 409058, 725400, 107965199, 443552, 551533, 552523, 409709, 413705, 726362, 408930, 725274, 727593, 408559, 725258, 410639, 551670, 410638, 724226, 551465, 726859, 724619, 724838, 551869, 551527, 408827, 411692	65	919	2905	1.7993638570352388	0.0023355066585644124	0.0011690995779895584	0.0010521896201906027
INTERPRO	IPR010629:Ins_allergen	5	0.9784735812133072	4.2384193719474096E-5	727243, 102654405, 727522, 724117, 100578347	301	7	8818	20.92548647365923	0.021259992931641825	0.002148878621577337	0.002076825492254231
GOTERM_MF_DIRECT	GO:0005549~odorant binding	18	3.522504892367906	4.3274503373200327E-5	102654841, 100576783, 102654530, 102653897, 677678, 100642169, 726097, 100576480, 102656907, 552478, 100576816, 100576749, 100576714, 100577921, 677674, 102654452, 113218602, 100577334	238	165	6938	3.180137509549274	0.007802257726724493	0.001566537022109852	0.0015146076180620114
UP_KW_BIOLOGICAL_PROCESS	KW-0552~Olfaction	15	2.935420743639922	4.5696681470560216E-5	102654841, 100576783, 102654530, 102653897, 100642169, 726097, 100576480, 102656907, 100576816, 100576749, 100576714, 100577921, 102654452, 113218602, 100577334	57	148	1930	3.4317211948790893	0.0013699924702029742	0.0013709004441168065	0.001279507081175686
GOTERM_BP_DIRECT	GO:0006508~proteolysis	18	3.522504892367906	5.936951377269968E-5	410624, 726286, 726352, 408500, 726391, 411358, 409143, 724477, 409341, 726329, 726554, 724308, 552636, 409827, 550735, 410452, 410380, 113219006	174	216	6458	3.0929118773946356	0.010159895504622707	0.002538046713782911	0.0025083619568965613
GOTERM_MF_DIRECT	GO:0022857~transmembrane transporter activity	15	2.935420743639922	8.39135659382383E-5	409646, 412925, 410626, 100577385, 102655631, 409924, 412764, 410566, 102653922, 724429, 113219370, 113219372, 412540, 410683, 411186	238	125	6938	3.4981512605042018	0.015074221794718068	0.002531392572470189	0.0024474790065319506
INTERPRO	IPR018114:TRYPSIN_HIS	9	1.761252446183953	1.3814533220735578E-4	726286, 726352, 724308, 411358, 409143, 726329, 409827, 550735, 113219006	301	46	8818	5.731763686263181	0.06764769093013812	0.006367243948102672	0.006153746616509485
UP_KW_BIOLOGICAL_PROCESS	KW-0716~Sensory transduction	15	2.935420743639922	1.6513399582315444E-4	102654841, 100576783, 102654530, 102653897, 100642169, 726097, 100576480, 102656907, 100576816, 100576749, 100576714, 100577921, 102654452, 113218602, 100577334	57	166	1930	3.059606848446417	0.00494217601892033	0.0024770099373473166	0.002311875941524162
GOTERM_MF_DIRECT	GO:0004252~serine-type endopeptidase activity	11	2.152641878669276	2.1061170176800293E-4	410624, 726286, 726352, 724308, 411358, 409143, 724477, 726329, 409827, 550735, 113219006	238	75	6938	4.275518207282913	0.037407133614701715	0.005445816860001219	0.0052652925442000734
SMART	SM00587:CHK	5	0.9784735812133072	2.2499537710408645E-4	726672, 725439, 552326, 102653935, 724536	112	12	4042	15.037202380952381	0.01739848164264801	0.00877481970705937	0.00877481970705937
KEGG_PATHWAY	ame00350:Tyrosine metabolism	5	0.9784735812133072	2.4386687536562737E-4	551465, 408930, 410639, 410638, 725400	65	15	2905	14.897435897435898	0.016927849345674706	0.005690227091864638	0.005121204382678175
INTERPRO	IPR033116:TRYPSIN_SER	8	1.5655577299412915	2.5039228520256447E-4	410624, 726286, 726352, 724308, 411358, 726329, 409827, 113219006	301	38	8818	6.1675118027627205	0.11923531161119727	0.01057907404980835	0.010224351645771384
INTERPRO	IPR004117:7tm6_olfct_rcpt	15	2.935420743639922	3.5146663461559677E-4	102654841, 100576783, 102654530, 102653897, 100642169, 726097, 100576480, 102656907, 100576816, 100576749, 100576714, 100577921, 102654452, 113218602, 100577334	301	143	8818	3.072973538089817	0.1632457884160301	0.013707198750008275	0.013247588535510956
INTERPRO	IPR002347:SDR_fam	8	1.5655577299412915	4.0873099457545064E-4	406147, 412458, 725274, 724838, 725258, 725026, 724348, 724721	301	41	8818	5.716230451341059	0.1871990031857773	0.014801901017839535	0.014305584810140772
GOTERM_MF_DIRECT	GO:0004984~olfactory receptor activity	15	2.935420743639922	4.364446720893136E-4	102654841, 100576783, 102654530, 102653897, 100642169, 726097, 100576480, 102656907, 100576816, 100576749, 100576714, 100577921, 102654452, 113218602, 100577334	238	146	6938	2.9949925175549668	0.07597276204006254	0.00987456070602072	0.009547227201953735
INTERPRO	IPR004119:EcKL	5	0.9784735812133072	5.235100230197709E-4	726672, 725439, 552326, 102653935, 724536	301	12	8818	12.20653377630122	0.2331691840066521	0.01658872385443899	0.016032494454980485
INTERPRO	IPR015897:CHK_kinase-like	5	0.9784735812133072	5.235100230197709E-4	726672, 725439, 552326, 102653935, 724536	301	12	8818	12.20653377630122	0.2331691840066521	0.01658872385443899	0.016032494454980485
UP_SEQ_FEATURE	DOMAIN:CHK kinase-like	5	0.9784735812133072	6.423561525337985E-4	726672, 725439, 552326, 102653935, 724536	297	12	8241	11.561447811447811	0.1005958774782506	0.035329588389358915	0.034901350954336385
UP_KW_CELLULAR_COMPONENT	KW-0964~Secreted	17	3.326810176125244	8.281531293938914E-4	406145, 107963967, 100577584, 727161, 677678, 406083, 409187, 406093, 107965279, 102653748, 406088, 406143, 552478, 551268, 413532, 677674, 100577028	169	172	4361	2.5504678684464013	0.013168466771228071	0.006625225035151131	0.006625225035151131
INTERPRO	IPR020846:MFS_dom	11	2.152641878669276	0.0010025478222509161	724429, 412925, 100577385, 102655631, 409924, 113219370, 412764, 410566, 102653922, 412540, 411186	301	91	8818	3.5412361724654082	0.39863109233891114	0.02989951446360085	0.028896966641349935
GOTERM_CC_DIRECT	GO:0005615~extracellular space	14	2.73972602739726	0.0010159623414154944	725041, 726286, 408896, 725353, 100577163, 726391, 412767, 409143, 724477, 102653748, 406143, 677674, 410452, 412791	226	155	7247	2.8963174421924065	0.04373964616757753	0.014900781007427252	0.014900781007427252
INTERPRO	IPR005828:MFS_sugar_transport-like	8	1.5655577299412915	0.0012378724515201818	100577385, 102655631, 409924, 113219370, 113219372, 102653922, 412540, 411186	301	49	8818	4.7829683368363956	0.4663366657132416	0.03486674071781846	0.03369763895804939
INTERPRO	IPR019826:Carboxylesterase_B_AS	5	0.9784735812133072	0.0013314396416183151	406105, 408395, 113219221, 409173, 406066	301	15	8818	9.765227021040975	0.4910928446325843	0.035528415700025566	0.034337127599630236
GOTERM_MF_DIRECT	GO:0052689~carboxylic ester hydrolase activity	5	0.9784735812133072	0.0013459567190972639	406105, 408395, 113219221, 409173, 406066	238	15	6938	9.717086834733895	0.21634175305117442	0.02706868512851164	0.026171380649113462
SMART	SM00718:DM4_12	4	0.7827788649706457	0.0021013125556806345	726990, 100576935, 100576702, 410063	112	10	4042	14.435714285714287	0.15132148373599708	0.054634126447696496	0.054634126447696496
UP_KW_MOLECULAR_FUNCTION	KW-0807~Transducer	18	3.522504892367906	0.0031283317423011475	102654841, 100576783, 102654530, 102653897, 100642169, 726097, 100576480, 727324, 102656907, 100576816, 100576749, 412883, 100576714, 413211, 100577921, 102654452, 113218602, 100577334	126	209	3151	2.1537935748462065	0.12055358493274515	0.04275386714478235	0.04066831264991492
INTERPRO	IPR036259:MFS_trans_sf	12	2.3483365949119372	0.003694896910498848	724429, 412925, 100577385, 102655631, 409924, 113219370, 412764, 410566, 113219372, 102653922, 412540, 411186	301	126	8818	2.790064863154564	0.8469180884160488	0.0936656366811458	0.09052497430722177
UP_SEQ_FEATURE	DOMAIN:Major facilitator superfamily (MFS) profile	10	1.9569471624266144	0.00450666977320536	724429, 100577385, 102655631, 409924, 113219370, 412764, 410566, 102653922, 412540, 411186	297	89	8241	3.1176937918510954	0.5253991503920037	0.1859001281447211	0.1836467932581184
UP_KW_MOLECULAR_FUNCTION	KW-0719~Serine esterase	5	0.9784735812133072	0.0046857189915158	406105, 408395, 113219221, 409173, 406066	126	18	3151	6.946649029982363	0.17516011218799943	0.04802861966303695	0.04568576016727905
INTERPRO	IPR047115:ARSB	3	0.5870841487279843	0.0066142924112974006	411657, 552073, 412829	301	4	8818	21.971760797342192	0.965423663138238	0.15968791678703723	0.15433348959693935
INTERPRO	IPR002018:CarbesteraseB	5	0.9784735812133072	0.008145303453915502	406105, 408395, 113219221, 409173, 406066	301	24	8818	6.10326688815061	0.9841815681275131	0.1877122205061436	0.18141812238266347
UP_SEQ_FEATURE	DOMAIN:Carboxylesterase type B	5	0.9784735812133072	0.008414668403769365	406105, 408395, 113219221, 409173, 406066	297	23	8241	6.032059727711901	0.7519921333076296	0.27768405732438906	0.2743181899628813
INTERPRO	IPR006631:DM4_12	4	0.7827788649706457	0.008651718026909228	726990, 100576935, 100576702, 410063	301	13	8818	9.014055711730132	0.98779007627985	0.1907139582453469	0.18431921013850094
GOTERM_BP_DIRECT	GO:0006805~xenobiotic metabolic process	3	0.5870841487279843	0.009969835165594852	551179, 410405, 551632	174	6	6458	18.557471264367816	0.8215446925481883	0.19691068451630578	0.19460763557459457
GOTERM_BP_DIRECT	GO:0009880~embryonic pattern specification	3	0.5870841487279843	0.009969835165594852	552079, 725053, 724334	174	6	6458	18.557471264367816	0.8215446925481883	0.19691068451630578	0.19460763557459457
GOTERM_BP_DIRECT	GO:0006082~organic acid metabolic process	3	0.5870841487279843	0.009969835165594852	551179, 410405, 551632	174	6	6458	18.557471264367816	0.8215446925481883	0.19691068451630578	0.19460763557459457
GOTERM_BP_DIRECT	GO:0007165~signal transduction	15	2.935420743639922	0.0106581255104188	102654841, 100576783, 102654530, 102653897, 100642169, 726097, 100576480, 102656907, 100576816, 100576749, 100576714, 100577921, 102654452, 113218602, 100577334	174	263	6458	2.1168218172282685	0.8416641369905808	0.19691068451630578	0.19460763557459457
GOTERM_BP_DIRECT	GO:0045087~innate immune response	5	0.9784735812133072	0.01110117512080361	406145, 725353, 408317, 412484, 406143	174	33	6458	5.6234761407175196	0.8534046954580881	0.19691068451630578	0.19460763557459457
GOTERM_BP_DIRECT	GO:0007186~G-protein coupled receptor signaling pathway	7	1.36986301369863	0.011515244708555892	100578046, 102655521, 412883, 413211, 724760, 727324, 410140	174	71	6458	3.659219685931682	0.8635932531460324	0.19691068451630578	0.19460763557459457
KEGG_PATHWAY	ame00380:Tryptophan metabolism	4	0.7827788649706457	0.011649277478289576	408559, 410639, 410638, 443552	65	22	2905	8.125874125874127	0.5596724222274635	0.1719659785141927	0.15476938066277343
KEGG_PATHWAY	ame00360:Phenylalanine metabolism	3	0.5870841487279843	0.012283284179585194	410639, 410638, 725400	65	8	2905	16.759615384615383	0.5790134130603041	0.1719659785141927	0.15476938066277343
UP_KW_MOLECULAR_FUNCTION	KW-0720~Serine protease	6	1.1741682974559686	0.012731265728186489	726286, 726352, 411358, 726329, 409827, 113219006	126	36	3151	4.167989417989418	0.4086416581006854	0.1043963789711292	0.0993038726798546
UP_KW_BIOLOGICAL_PROCESS	KW-0399~Innate immunity	4	0.7827788649706457	0.013862590562383599	406145, 727161, 412484, 406143	57	18	1930	7.5243664717348935	0.3421558357456286	0.13862590562383598	0.12938417858224693
SMART	SM00631:Zn_pept	3	0.5870841487279843	0.014341834799339075	726391, 410452, 726554	112	7	4042	15.466836734693878	0.6759192248779146	0.27966577858711195	0.27966577858711195
INTERPRO	IPR029058:AB_hydrolase	9	1.761252446183953	0.015355461554081334	551268, 406105, 413532, 408395, 107965279, 113219221, 409173, 406066, 726798	301	95	8818	2.7753803112432247	0.9996085335925323	0.32050483097270493	0.30975812066395547
INTERPRO	IPR024607:Sulfatase_CS	3	0.5870841487279843	0.01580398574816099	411657, 552073, 412829	301	6	8818	14.647840531561462	0.9996892778794512	0.32050483097270493	0.30975812066395547
GOTERM_MF_DIRECT	GO:0016712~oxidoreductase activity, acting on paired donors, with incorporation or reduction of molecular oxygen, reduced flavin or flavoprotein as one donor, and incorporation of one atom of oxygen	3	0.5870841487279843	0.01591568417670143	551179, 410405, 551632	238	6	6938	14.575630252100842	0.9451914722203035	0.28807388359829594	0.278524473092275
UP_SEQ_FEATURE	DOMAIN:CN hydrolase	3	0.5870841487279843	0.017525099401849202	724312, 409250, 100578995	297	6	8241	13.873737373737375	0.9459193882277065	0.4819402335508531	0.4760985337502367
UP_KW_BIOLOGICAL_PROCESS	KW-0391~Immunity	4	0.7827788649706457	0.018588940251322152	406145, 727161, 412484, 406143	57	20	1930	6.771929824561403	0.4304544864964084	0.13941705188491615	0.13012258175925506
INTERPRO	IPR000560:His_Pase_clade-2	4	0.7827788649706457	0.018606341718409997	726737, 724619, 726703, 409751	301	17	8818	6.893101426617159	0.9999267974242206	0.3628236635089949	0.35065797853926534
KEGG_PATHWAY	ame00130:Ubiquinone and other terpenoid-quinone biosynthesis	3	0.5870841487279843	0.01918849552704733	726362, 551869, 725400	65	10	2905	13.407692307692308	0.7423746530450479	0.21684780933694905	0.19516302840325414
GOTERM_CC_DIRECT	GO:0032589~neuron projection membrane	4	0.7827788649706457	0.019816483289000913	725460, 412813, 411176, 100577522	226	19	7247	6.750815090824406	0.5854991971718482	0.19780969720207606	0.19780969720207606
INTERPRO	IPR005829:Sugar_transporter_CS	5	0.9784735812133072	0.020034159906300808	724429, 100577385, 102655631, 409924, 412540	301	31	8818	4.725109848890795	0.9999650099016557	0.3680294336305438	0.3556891962109792
GOTERM_MF_DIRECT	GO:0015293~symporter activity	5	0.9784735812133072	0.02024363992471161	410626, 102654427, 408381, 410683, 725456	238	31	6938	4.70181621035511	0.9753183301317172	0.33309989330661827	0.32205790789313926
INTERPRO	IPR036526:C-N_Hydrolase_sf	3	0.5870841487279843	0.02163260637801106	724312, 409250, 100578995	301	7	8818	12.555291884195537	0.9999847067781521	0.3680294336305438	0.3556891962109792
INTERPRO	IPR003010:C-N_Hydrolase	3	0.5870841487279843	0.02163260637801106	724312, 409250, 100578995	301	7	8818	12.555291884195537	0.9999847067781521	0.3680294336305438	0.3556891962109792
INTERPRO	IPR020904:Sc_DH/Rdtase_CS	4	0.7827788649706457	0.021776889563937505	406147, 725274, 724838, 724348	301	18	8818	6.51015134736065	0.9999858086137865	0.3680294336305438	0.3556891962109792
GOTERM_CC_DIRECT	GO:0005886~plasma membrane	32	6.262230919765166	0.022478374682054096	102654841, 100576783, 409512, 408500, 102653897, 412203, 107963996, 726097, 100576480, 727324, 102656907, 100576749, 552149, 100577334, 409646, 100576497, 102654530, 100642169, 724760, 724304, 726424, 726886, 551320, 100576816, 100576714, 100576458, 100577921, 410380, 113218602, 413210, 102654452, 410140	226	691	7247	1.4849839273593484	0.6322434204581108	0.19780969720207606	0.19780969720207606
GOTERM_BP_DIRECT	GO:0050808~synapse organization	4	0.7827788649706457	0.022568940377658005	725460, 412813, 411176, 100577522	174	23	6458	6.454772613693153	0.9802841598590688	0.35084443677995625	0.3467409930749275
KEGG_PATHWAY	ame00900:Terpenoid backbone biosynthesis	4	0.7827788649706457	0.024782606781365606	406147, 412458, 726859, 724721	65	29	2905	6.164456233421751	0.8273761933756811	0.21684780933694905	0.19516302840325414
KEGG_PATHWAY	ame01040:Biosynthesis of unsaturated fatty acids	4	0.7827788649706457	0.024782606781365606	725258, 551527, 724226, 411692	65	29	2905	6.164456233421751	0.8273761933756811	0.21684780933694905	0.19516302840325414
UP_SEQ_FEATURE	BINDING:axial binding residue	4	0.7827788649706457	0.025087849127911226	410515, 551544, 725159, 443552	297	18	8241	6.1661054994388325	0.9848885986336783	0.591356443729336	0.5841884868356471
INTERPRO	IPR037448:Zig-8	4	0.7827788649706457	0.025223374151656524	725460, 412813, 411176, 100577522	301	19	8818	6.1675118027627205	0.9999976292317863	0.412524215964189	0.3986920430423128
KEGG_PATHWAY	ame01212:Fatty acid metabolism	5	0.9784735812133072	0.02799956780127584	409712, 725258, 551527, 724226, 411692	65	53	2905	4.216255442670537	0.8630216083947702	0.2177744162321454	0.1959969746089309
INTERPRO	IPR000917:Sulfatase_N	3	0.5870841487279843	0.028202676592618957	411657, 552073, 412829	301	8	8818	10.985880398671096	0.9999994977971511	0.44470520672217567	0.4297939867729114
GOTERM_MF_DIRECT	GO:0008484~sulfuric ester hydrolase activity	3	0.5870841487279843	0.028398894137869467	411657, 552073, 412829	238	8	6938	10.93172268907563	0.9945633912493748	0.42834998657953116	0.4141505395105964
INTERPRO	IPR012132:GMC_OxRdtase	4	0.7827788649706457	0.028945309313277708	410734, 102653881, 410733, 551044	301	20	8818	5.859136212624584	0.999999659159603	0.44470520672217567	0.4297939867729114
UP_SEQ_FEATURE	DOMAIN:Sulfatase N-terminal	3	0.5870841487279843	0.031195975108179768	411657, 552073, 412829	297	8	8241	10.405303030303031	0.9946429070948667	0.609684691149585	0.6022945736811052
GOTERM_MF_DIRECT	GO:0008061~chitin binding	6	1.1741682974559686	0.0314591494231676	100577156, 413705, 113218574, 724464, 100577513, 413560	238	52	6938	3.36360698125404	0.9969285202253013	0.4296641525345057	0.41542114195325136
KEGG_PATHWAY	ame04142:Lysosome	6	1.1741682974559686	0.03288326471689816	411657, 409187, 409709, 409341, 552073, 412829	65	82	2905	3.2701688555347093	0.9037229230392655	0.23018285301828711	0.20716456771645841
INTERPRO	IPR000172:GMC_OxRdtase_N	4	0.7827788649706457	0.03294118852938749	410734, 102653881, 410733, 551044	301	21	8818	5.580129726309129	0.9999999578678705	0.4842118885584412	0.4679759869696966
GOTERM_MF_DIRECT	GO:0016614~oxidoreductase activity, acting on CH-OH group of donors	4	0.7827788649706457	0.03323369135626011	410734, 102653881, 410733, 551044	238	21	6938	5.552621048419367	0.9977960954881795	0.4296641525345057	0.41542114195325136
UP_SEQ_FEATURE	DOMAIN:Glucose-methanol-choline oxidoreductase N-terminal	4	0.7827788649706457	0.03325552860815918	410734, 102653881, 410733, 551044	297	20	8241	5.5494949494949495	0.9962292301691537	0.609684691149585	0.6022945736811052
INTERPRO	IPR011701:MFS	6	1.1741682974559686	0.033426856212121187	724429, 412925, 409924, 412764, 410566, 411186	301	53	8818	3.3164921958252367	0.9999999673408315	0.4842118885584412	0.4679759869696966
INTERPRO	IPR012674:Calycin	3	0.5870841487279843	0.03545734663152679	100577819, 100578744, 409025	301	9	8818	9.765227021040975	0.9999999887547579	0.49935763172733566	0.4826138847068924
INTERPRO	IPR000859:CUB_dom	4	0.7827788649706457	0.03720857896848767	412825, 409143, 724645, 726886	301	22	8818	5.32648746602235	0.9999999955246047	0.509858095595223	0.49276226201510703
KEGG_PATHWAY	ame01240:Biosynthesis of cofactors	7	1.36986301369863	0.03765438949462446	102654366, 551533, 727593, 408559, 551869, 725400, 107965199	65	114	2905	2.744264507422402	0.9318956454857199	0.2396188422385193	0.2156569580146674
GOTERM_BP_DIRECT	GO:0035725~sodium ion transmembrane transport	4	0.7827788649706457	0.037893019245466335	726792, 102654427, 408381, 725456	174	28	6458	5.302134646962233	0.9986985756985284	0.5399755242478953	0.5336600210403176
INTERPRO	IPR029033:His_PPase_superfam	4	0.7827788649706457	0.04174420953520671	726737, 724619, 726703, 409751	301	23	8818	5.0949010544561615	0.99999999959159	0.5569556377460475	0.5382805966381918
INTERPRO	IPR000834:Peptidase_M14	3	0.5870841487279843	0.04334275460024429	726391, 410452, 726554	301	10	8818	8.788704318936876	0.999999999824823	0.5634558098031758	0.5445628142081975
GOTERM_MF_DIRECT	GO:0004181~metallocarboxypeptidase activity	3	0.5870841487279843	0.043639497510728216	726391, 410452, 726554	238	10	6938	8.745378151260505	0.9996891754543806	0.5265832699627871	0.5091274709584959
SMART	SM00355:ZnF_C2H2	11	2.152641878669276	0.04641805251362886	724150, 413109, 725254, 102654975, 725053, 408295, 724334, 552100, 102655131, 107964024, 102656661	112	200	4042	1.984910714285714	0.9754571147466238	0.6221474463948143	0.6221474463948143
KEGG_PATHWAY	ame00531:Glycosaminoglycan degradation	3	0.5870841487279843	0.04701837305138779	411657, 552073, 412829	65	16	2905	8.379807692307692	0.9656507751926242	0.2742738427997621	0.2468464585197859
UP_SEQ_FEATURE	DOMAIN:Peptidase M14 carboxypeptidase A	3	0.5870841487279843	0.047824750113362305	726391, 410452, 726554	297	10	8241	8.324242424242426	0.9996921872438173	0.7891083768704781	0.7795434268478056
SMART	SM00241:ZP	3	0.5870841487279843	0.04785749587652418	410975, 413256, 410581	112	13	4042	8.328296703296703	0.9781851459470544	0.6221474463948143	0.6221474463948143
INTERPRO	IPR035914:Sperma_CUB_dom_sf	4	0.7827788649706457	0.05160340432410167	412825, 409143, 724645, 726886	301	25	8818	4.687308970099668	0.9999999999978426	0.6540731498079887	0.6321417029702454
GOTERM_BP_DIRECT	GO:0006584~catecholamine metabolic process	2	0.3913894324853229	0.05286337379391597	410639, 410638	174	2	6458	37.11494252873563	0.9999123054540014	0.6953566860584331	0.6872238593209077
INTERPRO	IPR017853:Glycoside_hydrolase_SF	5	0.9784735812133072	0.053424696455124446	100577156, 413705, 409889, 409709, 409452	301	42	8818	3.487581078943206	0.9999999999991859	0.6606419781158072	0.6384902747075848
UP_KW_MOLECULAR_FUNCTION	KW-0675~Receptor	20	3.9138943248532287	0.05440952639056487	412825, 102654841, 102654530, 102655521, 413558, 102653897, 100578352, 726097, 724760, 410925, 727324, 726424, 100576816, 412883, 413211, 100576279, 102654452, 113218602, 100577334, 410140	126	327	3151	1.529537401097034	0.8991149954553284	0.3717984303355266	0.35366192153867165
PIR_SUPERFAMILY	PIRSF000137:Alcohol_oxidase	3	0.5870841487279843	0.05551257792387899	410734, 410733, 551044	16	18	688	7.166666666666666	0.5240620635778355	0.5497508044689136	0.5497508044689136
UP_KW_BIOLOGICAL_PROCESS	KW-0843~Virulence	2	0.3913894324853229	0.057203791596475956	726391, 410452	57	2	1930	33.85964912280702	0.8291815336836441	0.34322274957885573	0.32034123294026534
GOTERM_BP_DIRECT	GO:0006807~nitrogen compound metabolic process	3	0.5870841487279843	0.05961674634287144	724312, 409250, 100578995	174	15	6458	7.422988505747126	0.999974388176733	0.7281759731879297	0.7196592951389481
GOTERM_MF_DIRECT	GO:0016491~oxidoreductase activity	7	1.36986301369863	0.06074209239043401	413590, 406147, 726260, 725274, 724838, 725258, 724348	238	82	6938	2.488522238163558	0.9999881406831199	0.639761374443733	0.6185538150699076
KEGG_PATHWAY	ame00290:Valine, leucine and isoleucine biosynthesis	2	0.3913894324853229	0.06466931626121228	552523, 409058	65	3	2905	29.7948717948718	0.9907196849564648	0.34821939525268153	0.31339745572741334
GOTERM_BP_DIRECT	GO:0048856~anatomical structure development	5	0.9784735812133072	0.06563733070900668	411317, 406112, 413558, 102654867, 410818	174	57	6458	3.2556967130469854	0.9999915147950783	0.7423673640876193	0.7336847048585244
INTERPRO	IPR044561:ACT_ThrD-II-like	2	0.3913894324853229	0.06688891716825658	552523, 409058	301	2	8818	29.295681063122924	0.9999999999999994	0.8074447858168116	0.7803707002963267
GOTERM_MF_DIRECT	GO:0003941~L-serine ammonia-lyase activity	2	0.3913894324853229	0.0671572713504471	552523, 409058	238	2	6938	29.151260504201677	0.9999965697486481	0.639761374443733	0.6185538150699076
GOTERM_MF_DIRECT	GO:0004794~L-threonine ammonia-lyase activity	2	0.3913894324853229	0.0671572713504471	552523, 409058	238	2	6938	29.151260504201677	0.9999965697486481	0.639761374443733	0.6185538150699076
GOTERM_MF_DIRECT	GO:0004058~aromatic-L-amino-acid decarboxylase activity	2	0.3913894324853229	0.0671572713504471	410639, 410638	238	2	6938	29.151260504201677	0.9999965697486481	0.639761374443733	0.6185538150699076
KEGG_PATHWAY	ame00053:Ascorbate and aldarate metabolism	3	0.5870841487279843	0.0703964082373274	727593, 408559, 107965199	65	20	2905	6.703846153846154	0.9939626616722846	0.351982041186637	0.3167838370679733
UP_SEQ_FEATURE	DOMAIN:Tryptophan synthase beta chain-like PALP	2	0.3913894324853229	0.07055004400297084	552523, 409058	297	2	8241	27.747474747474747	0.9999942813719936	1.0	0.9939024390243902
GOTERM_BP_DIRECT	GO:0006633~fatty acid biosynthetic process	4	0.7827788649706457	0.07083078605505236	552205, 551527, 724226, 411692	174	36	6458	4.123882503192848	0.9999967468232981	0.7423673640876193	0.7336847048585244
INTERPRO	IPR002557:Chitin-bd_dom	5	0.9784735812133072	0.07479195858145696	413705, 113218574, 724464, 100577513, 413560	301	47	8818	3.116561815225843	1.0	0.8618073409272428	0.8329104478389525
INTERPRO	IPR036508:Chitin-bd_dom_sf	5	0.9784735812133072	0.07479195858145696	413705, 113218574, 724464, 100577513, 413560	301	47	8818	3.116561815225843	1.0	0.8618073409272428	0.8329104478389525
UP_KW_MOLECULAR_FUNCTION	KW-0645~Protease	12	2.3483365949119372	0.07644758570555477	726286, 408500, 552636, 726391, 411358, 409143, 409341, 726329, 410452, 409827, 726554, 410380	126	172	3151	1.7447397563676632	0.9616360367630883	0.4170461600645862	0.3967024449394845
GOTERM_BP_DIRECT	GO:0006565~L-serine catabolic process	2	0.3913894324853229	0.07824358388235697	552523, 409058	174	3	6458	24.743295019157088	0.9999991796841171	0.7423673640876193	0.7336847048585244
GOTERM_BP_DIRECT	GO:0019344~cysteine biosynthetic process	2	0.3913894324853229	0.07824358388235697	552523, 409058	174	3	6458	24.743295019157088	0.9999991796841171	0.7423673640876193	0.7336847048585244
INTERPRO	IPR037272:SNS_sf	3	0.5870841487279843	0.08021162416793265	102654427, 408381, 725456	301	14	8818	6.277645942097768	1.0	0.8652615628328053	0.8362488477082339
INTERPRO	IPR001507:ZP_dom	3	0.5870841487279843	0.08021162416793265	410975, 413256, 410581	301	14	8818	6.277645942097768	1.0	0.8652615628328053	0.8362488477082339
INTERPRO	IPR000175:Na/ntran_symport	3	0.5870841487279843	0.08021162416793265	102654427, 408381, 725456	301	14	8818	6.277645942097768	1.0	0.8652615628328053	0.8362488477082339
GOTERM_BP_DIRECT	GO:0006979~response to oxidative stress	3	0.5870841487279843	0.08248526267640215	410515, 551544, 443552	174	18	6458	6.185823754789272	0.9999996289397962	0.7423673640876193	0.7336847048585244
KEGG_PATHWAY	ame04512:ECM-receptor interaction	3	0.5870841487279843	0.08323898304080947	724429, 409924, 102654867	65	22	2905	6.094405594405595	0.997720027342957	0.38844858752377753	0.3496037287713998
PIR_SUPERFAMILY	PIRSF000894:Acid_phosphatase	2	0.3913894324853229	0.08457704684137131	724619, 409751	16	4	688	21.5	0.682982403141094	0.5497508044689136	0.5497508044689136
UP_KW_MOLECULAR_FUNCTION	KW-0378~Hydrolase	33	6.457925636007827	0.08531748617081214	411657, 726352, 408500, 726391, 406105, 411358, 724312, 552073, 107965279, 409173, 409250, 412829, 726554, 406066, 724308, 552766, 409709, 113219221, 410452, 409827, 113219006, 413705, 726286, 409889, 409143, 409341, 408395, 726329, 551268, 552636, 413532, 410380, 100578995	126	640	3151	1.2894717261904762	0.9741723172357278	0.4170461600645862	0.3967024449394845
UP_SEQ_FEATURE	DOMAIN:Chitin-binding type-2	5	0.9784735812133072	0.08726778064287688	413705, 113218574, 724464, 100577513, 413560	297	47	8241	2.951859015688803	0.9999997138077142	1.0	0.9939024390243902
GOTERM_MF_DIRECT	GO:0016791~phosphatase activity	4	0.7827788649706457	0.08780871341594111	726737, 724619, 726703, 409751	238	31	6938	3.761452968284088	0.9999999403581065	0.7376599911943664	0.7132071738067078
UP_SEQ_FEATURE	DOMAIN:ZP	3	0.5870841487279843	0.0880787063003005	410975, 413256, 410581	297	14	8241	5.945887445887447	0.9999997528481498	1.0	0.9939024390243902
UP_KW_MOLECULAR_FUNCTION	KW-0044~Antibiotic	3	0.5870841487279843	0.09154671806295796	406145, 727161, 406143	126	13	3151	5.77106227106227	0.9804832936882524	0.4170461600645862	0.3967024449394845
KEGG_PATHWAY	ame00010:Glycolysis / Gluconeogenesis	4	0.7827788649706457	0.0918568926947196	412843, 724619, 408559, 409751	65	49	2905	3.6483516483516487	0.9988229351970169	0.4018739055393982	0.3616865149854584
GOTERM_MF_DIRECT	GO:0050660~flavin adenine dinucleotide binding	5	0.9784735812133072	0.09545594506695364	409712, 410734, 102653881, 410733, 551044	238	51	6938	2.857966716098204	0.9999999870048897	0.7376599911943664	0.7132071738067078
INTERPRO	IPR001926:TrpB-like_PALP	2	0.3913894324853229	0.09864178976984889	552523, 409058	301	3	8818	19.53045404208195	1.0	0.9164723425305199	0.8857425006705222
INTERPRO	IPR031941:DUF4773	2	0.3913894324853229	0.09864178976984889	100578144, 100578072	301	3	8818	19.53045404208195	1.0	0.9164723425305199	0.8857425006705222
INTERPRO	IPR043957:Vanin_C	2	0.3913894324853229	0.09864178976984889	724312, 100578995	301	3	8818	19.53045404208195	1.0	0.9164723425305199	0.8857425006705222
INTERPRO	IPR040154:Biotinidase/VNN	2	0.3913894324853229	0.09864178976984889	724312, 100578995	301	3	8818	19.53045404208195	1.0	0.9164723425305199	0.8857425006705222
INTERPRO	IPR036052:TrpB-like_PALP_sf	2	0.3913894324853229	0.09864178976984889	552523, 409058	301	3	8818	19.53045404208195	1.0	0.9164723425305199	0.8857425006705222
INTERPRO	IPR012101:Biotinidase-like_euk	2	0.3913894324853229	0.09864178976984889	724312, 100578995	301	3	8818	19.53045404208195	1.0	0.9164723425305199	0.8857425006705222
