Category	Term	Count	%	PValue	Genes	List Total	Pop Hits	Pop Total	Fold Enrichment	Bonferroni	Benjamini	FDR
GOTERM_CC_DIRECT	GO:0005730~nucleolus	61	7.210401891252956	5.3492686196503466E-28	411856, 412547, 409857, 725049, 725047, 102653759, 551087, 726212, 551992, 725837, 413686, 413720, 411024, 413727, 102654312, 413649, 413404, 552280, 411192, 552439, 100576457, 410262, 413935, 411995, 412688, 551781, 724610, 409353, 551383, 551531, 552662, 725419, 725618, 102655272, 413588, 724809, 100578005, 411240, 409866, 724161, 411603, 410799, 412931, 411568, 410875, 725976, 725734, 408371, 724129, 726586, 726028, 552214, 413074, 551400, 724119, 551689, 100577923, 413313, 412345, 410200, 414048	661	135	7247	4.953964251694963	1.556637168318251E-25	1.556637168318251E-25	1.513843019361048E-25
UP_KW_CELLULAR_COMPONENT	KW-0539~Nucleus	146	17.257683215130022	2.2986495742383474E-16	411658, 409734, 411415, 411778, 412348, 408527, 102655217, 725049, 100578380, 552010, 412508, 724628, 725719, 411265, 413686, 413720, 411024, 102654083, 100576125, 412593, 412350, 100578399, 410972, 413963, 551270, 724620, 726800, 551820, 413179, 411392, 412481, 100576411, 724770, 411279, 409955, 410863, 550692, 551781, 727127, 409672, 551383, 551531, 100576828, 551896, 102655272, 414039, 100577998, 724809, 410194, 100576300, 411164, 410195, 411603, 726782, 409544, 412931, 412016, 409308, 411568, 410874, 725332, 724129, 725696, 725216, 726028, 412817, 551400, 724119, 100576717, 726816, 408606, 414048, 408728, 100578852, 411735, 410525, 725880, 726332, 727025, 412027, 412547, 408448, 411579, 411612, 409098, 726338, 102653759, 412708, 551087, 551355, 552200, 100578226, 102654312, 408314, 411627, 413404, 102653588, 409483, 409240, 725515, 552280, 725757, 411509, 552434, 551620, 411192, 724819, 550656, 551745, 550895, 413378, 100576216, 408826, 102655244, 552839, 410305, 726110, 411879, 413935, 411510, 412688, 412721, 413018, 411918, 409197, 551462, 409476, 412607, 724610, 551331, 551612, 412452, 408936, 412332, 100578005, 411240, 410799, 409347, 412613, 410676, 409229, 406073, 551689, 551204, 410200, 412464	370	933	4361	1.8444019582283249	6.661338147750939E-15	6.895948722715042E-15	6.666083765291207E-15
GOTERM_MF_DIRECT	GO:0003723~RNA binding	82	9.692671394799055	5.5716421449053664E-14	102655259, 411415, 408524, 102654640, 725880, 726178, 409258, 411612, 725049, 552294, 725201, 726212, 409410, 410968, 409893, 727106, 551992, 725837, 413686, 413087, 413727, 100578399, 102654312, 413805, 408675, 725155, 409408, 409969, 102653588, 411103, 413963, 724542, 409560, 102655407, 726768, 552043, 551421, 552112, 552515, 550656, 551309, 408705, 551824, 410262, 409558, 411833, 413578, 727087, 724532, 552072, 408580, 724331, 552231, 551184, 727127, 408386, 552027, 725618, 100576625, 102655272, 414039, 408936, 412053, 410799, 413108, 409229, 725734, 726428, 408371, 724129, 726586, 551173, 726500, 551686, 726819, 411091, 724119, 551689, 100577923, 413313, 410200, 410040	614	390	6938	2.375828948467385	2.3630875034541532E-11	2.3623762694398752E-11	2.3456613430051593E-11
KEGG_PATHWAY	ame03008:Ribosome biogenesis in eukaryotes	32	3.7825059101654848	2.7714284840738635E-12	411856, 413935, 409857, 413018, 551087, 410968, 552010, 409353, 551992, 413686, 102655272, 551834, 411003, 100578005, 724161, 409305, 100578399, 410799, 413805, 413649, 412931, 409408, 411026, 410676, 724542, 552781, 552112, 551689, 413378, 414048, 552439, 100578852	302	77	2905	3.9975918121613487	2.8545932284629316E-10	2.8545713385960794E-10	2.8545713385960794E-10
GOTERM_CC_DIRECT	GO:0032040~small-subunit processome	19	2.2458628841607564	8.122626372641392E-11	411603, 411856, 102654312, 410879, 413935, 413649, 411026, 409857, 724542, 551087, 551992, 551689, 102655272, 413720, 724809, 411024, 552439, 100578005, 411240	661	34	7247	6.126768710509922	2.363683782036219E-8	1.1818421372193224E-8	1.149351631728757E-8
KEGG_PATHWAY	ame03013:Nucleocytoplasmic transport	32	3.7825059101654848	8.407312793952751E-11	409734, 411735, 411778, 726354, 726272, 413018, 412721, 411918, 726338, 409476, 552010, 412508, 409672, 724628, 100576967, 100576125, 409866, 410972, 725155, 409308, 411865, 409229, 409647, 411909, 725332, 725830, 412817, 552515, 413378, 411474, 412464, 100577501	302	86	2905	3.5792391806560913	8.659527428456215E-9	4.329766088885667E-9	4.329766088885667E-9
GOTERM_BP_DIRECT	GO:0042254~ribosome biogenesis	17	2.0094562647754137	3.4373175278007494E-10	410799, 413935, 409408, 413404, 724129, 726212, 551781, 726028, 551531, 411192, 413686, 102655272, 413720, 414048, 552439, 411293, 100578005	611	28	6458	6.417231704465747	2.0108303000476724E-7	2.0073934362356377E-7	1.9867695310688332E-7
UP_KW_BIOLOGICAL_PROCESS	KW-0690~Ribosome biogenesis	14	1.6548463356973995	5.910800896588605E-8	410799, 413935, 413649, 409857, 552280, 726212, 552781, 551781, 726028, 413720, 410200, 414048, 411293, 100578005	204	23	1930	5.758738277919864	3.664689947058264E-6	3.664696555884935E-6	3.5464805379531626E-6
KEGG_PATHWAY	ame03040:Spliceosome	34	4.0189125295508275	8.43528108572798E-8	411778, 725880, 408527, 413578, 727087, 409476, 726336, 552027, 724628, 551331, 551530, 551756, 726409, 102655272, 414039, 409866, 409347, 413108, 413963, 413523, 409647, 102655407, 726768, 727378, 551620, 552515, 550656, 408705, 408606, 551824, 113218703, 411030, 412064, 410040	302	122	2905	2.6807621322331996	8.688302140180681E-6	2.8961131727666064E-6	2.8961131727666064E-6
GOTERM_BP_DIRECT	GO:0006364~rRNA processing	20	2.3640661938534278	9.903918375828887E-8	411603, 411856, 102654312, 413649, 412931, 411026, 411953, 410875, 412688, 725049, 410968, 726028, 551992, 724669, 724119, 551689, 413686, 413588, 410200, 413245	611	52	6458	4.065214654412691	5.793624698957611E-5	2.891944165742035E-5	2.8622324106145484E-5
GOTERM_CC_DIRECT	GO:0005643~nuclear pore	13	1.5366430260047281	2.2830804954394143E-6	409734, 411735, 410972, 726272, 102655217, 412721, 411918, 726338, 725332, 412508, 412464, 100577501, 100576125	661	28	7247	5.090285282040199	6.641565329325028E-4	2.2145880805762318E-4	2.1537059340311806E-4
INTERPRO	IPR019775:WD40_repeat_CS	23	2.7186761229314422	2.6767394771113184E-6	411845, 409348, 726110, 410879, 411879, 409258, 412755, 411026, 413523, 409725, 409955, 724610, 725830, 551531, 552200, 551415, 551412, 551226, 411121, 724809, 411024, 551824, 552439	777	85	8818	3.070845635551518	0.005054258644779486	0.005067067830171725	0.005048330653831946
GOTERM_MF_DIRECT	GO:0017056~structural constituent of nuclear pore	10	1.1820330969267139	3.938864190577342E-6	409734, 411735, 410972, 412721, 411474, 411918, 726338, 412464, 725332, 412508	614	17	6938	6.646867215941751	0.0016686878955060047	8.350392084023966E-4	8.291309121165306E-4
GOTERM_BP_DIRECT	GO:0000462~maturation of SSU-rRNA from tricistronic rRNA transcript (SSU-rRNA, 5.8S rRNA, LSU-rRNA)	11	1.3002364066193852	4.046400690034146E-6	411603, 410678, 725837, 724542, 724809, 414048, 411024, 551087, 551781, 411240, 409353	611	20	6458	5.8132569558101475	0.00236434970463284	7.876993343266471E-4	7.796065329465788E-4
UP_SEQ_FEATURE	REPEAT:WD	30	3.546099290780142	6.483687964721521E-6	726110, 411879, 409258, 409955, 551480, 724610, 409353, 551531, 552200, 551536, 551415, 551412, 411121, 724809, 411024, 410050, 410350, 411845, 409348, 410879, 412931, 412755, 413404, 411026, 413523, 409725, 725830, 551226, 551824, 552439	691	144	8241	2.484623733719247	0.0032753809439661774	0.0032807461101490897	0.0032742624221843678
GOTERM_CC_DIRECT	GO:0005762~mitochondrial large ribosomal subunit	13	1.5366430260047281	1.2034076532011775E-5	102655259, 727014, 724263, 726151, 725201, 410727, 411618, 552676, 412367, 410376, 413398, 100577702, 413121	661	32	7247	4.453999621785175	0.0034958127110303883	8.754790677038566E-4	8.514109146398331E-4
INTERPRO	IPR029063:SAM-dependent_MTases_sf	22	2.6004728132387704	1.2072977764551906E-5	100578201, 409833, 102655259, 410664, 725362, 411579, 726163, 100578380, 724685, 726212, 552043, 410839, 411509, 551133, 551992, 413255, 551911, 410673, 408925, 412580, 410262, 413087	777	86	8818	2.9031756008500196	0.02259510391946795	0.01142707345414838	0.011384818031972447
SMART	SM00320:WD40	33	3.900709219858156	2.3204214305986595E-5	726110, 411879, 409258, 409955, 725546, 551480, 551087, 724610, 409353, 551531, 552200, 551536, 551415, 551412, 411121, 724809, 411024, 410050, 410350, 411845, 409348, 410879, 412931, 412755, 413404, 411026, 413523, 409725, 724542, 725830, 551226, 551824, 552439	346	176	4042	2.1903901734104045	0.006038067359029453	0.004942290511284527	0.004942290511284527
UP_KW_MOLECULAR_FUNCTION	KW-0687~Ribonucleoprotein	29	3.4278959810874707	3.0991456159238206E-5	411856, 725062, 724493, 726151, 725201, 410727, 411618, 552152, 552027, 551530, 725659, 409129, 413805, 410678, 408675, 727014, 724164, 411103, 724263, 551151, 552241, 552676, 551321, 552656, 412367, 413398, 408606, 412064, 113218524	275	145	3151	2.2916363636363637	0.0017649809609910916	0.0017665130010765778	0.0017045300887581012
SMART	SM00360:RRM	23	2.7186761229314422	3.78719579408776E-5	409558, 411778, 411833, 726178, 413578, 727087, 409560, 552231, 409893, 727127, 408386, 727106, 552027, 551421, 411091, 552112, 550656, 100576625, 551309, 408705, 408936, 412053, 410040	346	103	4042	2.6086200123463716	0.009836074454532273	0.004942290511284527	0.004942290511284527
UP_SEQ_FEATURE	DOMAIN:RRM	24	2.8368794326241136	4.199770508733475E-5	409558, 411778, 411833, 726178, 413578, 727087, 409560, 552231, 409893, 727127, 408386, 727106, 552027, 551421, 411091, 552112, 550656, 100576625, 551309, 408705, 408936, 412053, 410040, 413087	691	112	8241	2.5556129832540835	0.02102706758392714	0.009354082361576036	0.00933559603279822
GOTERM_CC_DIRECT	GO:0030687~preribosome, large subunit precursor	10	1.1820330969267139	4.397452040818327E-5	551531, 411192, 413404, 411953, 410875, 410200, 724129, 411293, 726028, 551383	661	21	7247	5.220805417477127	0.012715335063008482	0.0025593170877562664	0.002488957855103173
GOTERM_BP_DIRECT	GO:0006351~transcription, DNA-templated	13	1.5366430260047281	4.919049702784512E-5	727025, 412547, 411510, 413688, 410863, 725633, 725216, 725719, 552156, 552658, 552458, 550895, 411164	611	35	6458	3.925835866261398	0.028367029840619007	0.007181812566065387	0.0071080268205236195
UP_SEQ_FEATURE	COMPBIAS:Acidic residues	53	6.264775413711583	5.545898633345477E-5	100577498, 408565, 726735, 726058, 726212, 412508, 726336, 551793, 413720, 552604, 412594, 100577220, 412676, 102653702, 411909, 552280, 552515, 552315, 551941, 552633, 408826, 726110, 411756, 113219404, 725061, 726272, 413578, 409550, 726756, 725745, 724331, 551184, 409353, 551383, 551531, 551530, 551612, 725618, 410793, 412053, 413341, 410879, 725976, 552061, 724129, 724920, 726500, 412817, 552412, 411091, 551646, 414048, 410480	691	359	8241	1.7606915817776507	0.0276729163023981	0.009354082361576036	0.00933559603279822
INTERPRO	IPR015943:WD40/YVTN_repeat-like_dom_sf	38	4.491725768321513	5.6638176013819455E-5	411735, 726110, 411879, 409258, 409955, 725546, 551480, 551087, 724610, 409353, 551531, 552200, 551536, 551415, 551412, 411121, 724809, 411024, 412593, 410050, 410350, 411240, 411845, 409348, 410879, 412931, 412755, 413404, 411026, 412676, 413523, 409725, 724542, 725830, 551226, 551824, 412464, 552439	777	216	8818	1.9965441632108298	0.10167117562660866	0.026126530418485946	0.026029918842717638
INTERPRO	IPR036322:WD40_repeat_dom_sf	36	4.25531914893617	6.334207716423854E-5	726110, 411879, 409258, 409955, 412721, 725546, 551480, 724610, 409353, 551531, 552200, 551536, 551415, 551412, 411121, 724809, 411024, 412593, 410050, 410350, 411240, 411845, 409348, 410879, 412931, 412755, 413404, 411026, 412676, 413523, 409725, 409186, 725830, 551226, 551824, 552439	777	201	8818	2.032616838586988	0.11300004712156708	0.026126530418485946	0.026029918842717638
GOTERM_BP_DIRECT	GO:0042273~ribosomal large subunit biogenesis	9	1.0638297872340425	6.799062436027457E-5	552214, 724506, 410799, 411192, 410200, 552280, 100576457, 411293, 726028	611	17	6458	5.595648406662174	0.03899519253478756	0.00794130492528007	0.00785971617604774
INTERPRO	IPR001680:WD40_rpt	33	3.900709219858156	6.900826840593223E-5	726110, 411879, 409258, 409955, 725546, 551480, 551087, 724610, 409353, 551531, 552200, 551536, 551415, 551412, 411121, 724809, 411024, 410050, 410350, 411845, 409348, 410879, 412931, 412755, 413404, 411026, 413523, 409725, 724542, 725830, 551226, 551824, 552439	777	178	8818	2.10398681185198	0.12246387786783886	0.026126530418485946	0.026029918842717638
GOTERM_CC_DIRECT	GO:1990904~ribonucleoprotein complex	30	3.546099290780142	8.842077076796941E-5	411856, 725062, 411833, 726151, 725201, 411618, 409893, 727106, 552027, 551530, 725659, 413686, 102655272, 409305, 102654312, 413805, 410678, 408675, 411103, 102655407, 726768, 552781, 551151, 552241, 552676, 413074, 551321, 100577702, 412064, 410040	661	152	7247	2.1638864559280195	0.025403346128072823	0.004288407382246517	0.004170513021222557
UP_KW_PTM	KW-0597~Phosphoprotein	23	2.7186761229314422	9.3000816603763E-5	409877, 409348, 726782, 100576484, 410127, 726272, 408328, 724620, 409285, 412708, 726432, 408563, 412607, 409672, 551400, 725607, 550885, 412386, 100577998, 408606, 408826, 102654083, 410183	50	181	861	2.1881767955801106	9.296190507126489E-4	0.001023008982641393	0.001023008982641393
UP_KW_CELLULAR_COMPONENT	KW-0496~Mitochondrion	34	4.0189125295508275	1.1330711875365137E-4	726131, 102655259, 411858, 408967, 410961, 413438, 726151, 412666, 409295, 410727, 726498, 725107, 552152, 725516, 725659, 551613, 552802, 412212, 413121, 409129, 726364, 727014, 408511, 411103, 408352, 551321, 552656, 551622, 551204, 410263, 412287, 413255, 726081, 551769	370	200	4361	2.003702702702703	0.0033936347152780932	0.0016996067813047704	0.0016429532219279447
GOTERM_MF_DIRECT	GO:0003724~RNA helicase activity	14	1.6548463356973995	1.1564712756297383E-4	409866, 413727, 408524, 726537, 102655407, 726768, 408371, 726586, 413074, 552515, 551613, 725837, 412190, 551824	614	46	6938	3.439031298682906	0.047854307584192846	0.0163447940289003	0.016229146901337328
INTERPRO	IPR000504:RRM_dom	24	2.8368794326241136	1.6017790580449105E-4	409558, 411778, 411833, 726178, 413578, 727087, 409560, 552231, 409893, 727127, 408386, 727106, 552027, 551421, 411091, 552112, 550656, 100576625, 551309, 408705, 408936, 412053, 410040, 413087	777	116	8818	2.3480228997470376	0.26157893078597816	0.046389717256353734	0.046218175776800395
INTERPRO	IPR020472:G-protein_beta_WD-40_rep	15	1.773049645390071	1.7154147955334185E-4	726110, 410879, 411879, 409258, 413404, 413523, 409725, 409955, 724610, 552200, 551415, 551226, 411121, 552439, 410050	777	54	8818	3.1524381524381524	0.27729623866152875	0.046389717256353734	0.046218175776800395
GOTERM_BP_DIRECT	GO:0008380~RNA splicing	10	1.1820330969267139	2.0093625230602885E-4	724628, 411778, 408527, 550656, 725419, 411612, 414039, 551824, 409476, 409672	611	24	6458	4.403982542280415	0.11091240741428887	0.019557795224453473	0.019356858972147447
GOTERM_MF_DIRECT	GO:0003743~translation initiation factor activity	14	1.6548463356973995	2.3287192595360012E-4	409866, 409258, 409550, 724532, 409560, 726812, 408580, 726428, 551173, 726500, 552351, 551184, 408386, 552539	614	49	6938	3.228478362028851	0.09403009869460965	0.024684424151081612	0.02450977020661641
GOTERM_CC_DIRECT	GO:0005634~nucleus	180	21.27659574468085	2.7724358119993756E-4	411658, 411415, 411778, 102654640, 412626, 100578380, 726812, 410968, 552010, 724628, 725719, 409170, 410571, 412593, 412470, 412350, 100576131, 100577220, 100579003, 412755, 725155, 413963, 413688, 413964, 408911, 724620, 725435, 102653702, 726800, 726768, 409443, 726488, 551151, 551820, 550978, 552759, 412125, 411156, 411030, 411392, 412481, 100576411, 411833, 725061, 409798, 411279, 413578, 412885, 410863, 725744, 725745, 550692, 551781, 727127, 551530, 100576828, 551896, 413103, 411960, 410194, 100576300, 411327, 100577000, 726782, 100577122, 409544, 408615, 727591, 412016, 413108, 409308, 411568, 410874, 726428, 727236, 551371, 412817, 726819, 551400, 551486, 552332, 724119, 100576717, 726816, 725607, 414048, 726175, 410525, 409259, 408565, 726332, 726178, 552290, 412027, 409659, 725362, 408448, 411579, 411612, 552294, 409098, 726735, 726058, 412708, 409410, 409893, 409892, 726336, 552200, 552167, 100576967, 551911, 413245, 725081, 100578503, 100578226, 408314, 413926, 411627, 409408, 102653588, 412676, 410413, 726163, 409483, 409240, 102655407, 725515, 411909, 551990, 411509, 552434, 552554, 551980, 724537, 411192, 724819, 550656, 413378, 100576216, 408705, 410266, 408706, 412560, 551906, 102655244, 409877, 726110, 411756, 411879, 410664, 411510, 413018, 725546, 551462, 409476, 412607, 724214, 409590, 412452, 410672, 100576866, 412332, 411240, 412339, 410676, 409229, 409462, 406073, 552660, 551686, 551045, 726979, 551204, 726619, 551842, 100576359, 412342, 410040, 412580	661	1569	7247	1.2577848615719274	0.07751952435987186	0.01152541173274026	0.01120856192565462
GOTERM_BP_DIRECT	GO:0000055~ribosomal large subunit export from nucleus	5	0.5910165484633569	3.6484464489926243E-4	411192, 413018, 726338, 552280, 552010	611	5	6458	10.569558101472996	0.19222608023675836	0.030438467517309893	0.03012574353596767
UP_KW_DOMAIN	KW-0677~Repeat	78	9.219858156028367	3.7050836053487775E-4	100577574, 726178, 409258, 410207, 408967, 552294, 409098, 551480, 725922, 551087, 409893, 409892, 551793, 552200, 100578907, 411024, 102654083, 412594, 410050, 100578226, 727375, 408554, 412755, 413404, 411026, 102656934, 413523, 409725, 725515, 411909, 725830, 724935, 550895, 552358, 551226, 412287, 411157, 726081, 551824, 552439, 411392, 102655244, 726110, 412449, 411879, 411359, 409955, 725546, 550692, 724610, 551531, 552586, 551331, 552542, 551337, 551536, 551415, 551412, 551897, 411121, 411960, 408936, 724809, 411240, 411845, 409348, 410879, 410874, 409141, 725895, 412817, 413074, 725924, 412386, 410045, 412064, 411293, 411053	329	805	4914	1.4472313994978194	0.006280007073942606	0.0038804711827516323	0.0038804711827516323
INTERPRO	IPR011545:DEAD/DEAH_box_helicase_dom	15	1.773049645390071	3.849136400794375E-4	409866, 413727, 408524, 726537, 102655407, 726768, 408371, 726586, 726819, 413074, 551530, 552515, 725837, 412190, 551824	777	58	8818	2.935028624683797	0.5175035851992966	0.09108019008379689	0.09074339064872738
KEGG_PATHWAY	ame03020:RNA polymerase	11	1.3002364066193852	4.080961642322148E-4	725719, 552156, 727025, 552658, 411510, 412547, 552458, 413688, 725633, 411164, 725216	302	29	2905	3.648664078556748	0.04117095536601734	0.01050847622897953	0.01050847622897953
GOTERM_CC_DIRECT	GO:0000428~DNA-directed RNA polymerase complex	9	1.0638297872340425	4.563308531010809E-4	725719, 552156, 727025, 552658, 411510, 552458, 413688, 725633, 725216	661	22	7247	4.485146472287168	0.12437957441851111	0.01659903478155182	0.016142703928450738
UP_KW_DOMAIN	KW-0175~Coiled coil	95	11.229314420803782	4.5652602150019205E-4	409734, 408527, 413438, 408448, 410127, 409659, 412107, 409098, 726338, 726736, 412708, 410727, 408563, 410968, 410726, 726456, 412508, 409892, 412191, 551354, 552288, 100577939, 725837, 411265, 413720, 410571, 551911, 552604, 550903, 412638, 410972, 727294, 411546, 411348, 412117, 409285, 725310, 551272, 551386, 724819, 113219250, 551820, 551864, 411474, 410263, 102655284, 413376, 726081, 552319, 552439, 113218524, 100578237, 409558, 409711, 411756, 113219404, 100578200, 413935, 107964702, 726272, 410863, 413931, 725745, 726432, 726993, 552351, 412607, 410828, 409672, 724214, 551331, 551893, 551612, 550920, 551896, 412452, 413341, 100576983, 726065, 724161, 410799, 409347, 413108, 412613, 411125, 409229, 552061, 725696, 726028, 100820634, 552332, 724119, 100576717, 551769, 414048	329	1035	4914	1.3709528214616096	0.007732662385299904	0.0038804711827516323	0.0038804711827516323
UP_KW_BIOLOGICAL_PROCESS	KW-0507~mRNA processing	18	2.127659574468085	4.994133906777168E-4	411778, 409347, 725880, 725155, 408527, 102653588, 413963, 411612, 409955, 409476, 409672, 551620, 551331, 550656, 102655272, 408705, 408606, 411030	204	69	1930	2.4680306905370846	0.030496665227977893	0.015481815111009222	0.014982401720331506
INTERPRO	IPR012677:Nucleotide-bd_a/b_plait_sf	25	2.955082742316785	5.116409435226436E-4	409558, 411778, 411833, 726178, 413578, 727087, 552231, 727127, 409893, 408386, 727106, 552027, 100576625, 408936, 412053, 413087, 724620, 409560, 551421, 411091, 552112, 550656, 551309, 408705, 410040	777	133	8818	2.1332288249581484	0.6204557780466387	0.10761514512092939	0.10721720216485621
GOTERM_MF_DIRECT	GO:0003899~DNA-directed 5'-3' RNA polymerase activity	8	0.9456264775413712	5.432192397200513E-4	725719, 552156, 727025, 552658, 412547, 552458, 725633, 725216	614	18	6938	5.022077452044879	0.20577425042333575	0.046064991528260345	0.045739059984428315
INTERPRO	IPR035979:RBD_domain_sf	25	2.955082742316785	5.727270725119848E-4	409558, 411778, 411833, 726178, 413578, 727087, 552231, 727127, 409893, 408386, 727106, 552027, 100576625, 408936, 412053, 413087, 724620, 409560, 551421, 411091, 552112, 550656, 551309, 408705, 410040	777	134	8818	2.1173092068614454	0.6619234514990415	0.10841723482651873	0.10801632587576032
GOTERM_BP_DIRECT	GO:0006606~protein import into nucleus	11	1.3002364066193852	6.514456375647719E-4	409734, 411735, 724506, 411865, 412721, 413378, 411474, 726338, 412464, 412508, 412817	611	33	6458	3.5231860338243317	0.3169723133954979	0.047555531542228344	0.047066947314054766
SMART	SM00490:HELICc	17	2.0094562647754137	7.045274501413567E-4	409866, 413727, 408524, 726537, 102655407, 726768, 408371, 726586, 726819, 413074, 551530, 552515, 551613, 725837, 412190, 551824, 413341	346	78	4042	2.546094560545428	0.16801966126381862	0.061293888162298034	0.061293888162298034
GOTERM_MF_DIRECT	GO:0030515~snoRNA binding	6	0.7092198581560284	9.162364723125087E-4	411856, 410879, 413935, 413588, 552439, 100578005	614	10	6938	6.779804560260586	0.32203685082669975	0.06474737737675063	0.06428925914059437
UP_KW_MOLECULAR_FUNCTION	KW-0694~RNA-binding	22	2.6004728132387704	9.919252870910697E-4	102654312, 413727, 725880, 413889, 409857, 409229, 409550, 552294, 725049, 408371, 726586, 409893, 551173, 726819, 552323, 551620, 413074, 551689, 413686, 102655272, 413313, 100576866	275	118	3151	2.136271186440678	0.054997590277772845	0.028269870682095487	0.027277945395004416
INTERPRO	IPR001650:Helicase_C	17	2.0094562647754137	0.0012167394023730048	409866, 413727, 408524, 726537, 102655407, 726768, 408371, 726586, 726819, 413074, 551530, 552515, 551613, 725837, 412190, 551824, 413341	777	79	8818	2.4421419611293027	0.900210276989221	0.20938978988109982	0.20861550117049885
GOTERM_CC_DIRECT	GO:0071013~catalytic step 2 spliceosome	12	1.4184397163120568	0.0012558915154480311	409866, 724628, 551620, 725880, 551331, 408527, 413523, 414039, 724331, 727378, 726336, 409672	661	43	7247	3.059634802800549	0.3062850343496747	0.040607158999486345	0.03949081098575476
UP_SEQ_FEATURE	DOMAIN:Helicase C-terminal	16	1.8912529550827424	0.001788009450698206	409866, 413727, 726537, 102655407, 726768, 408371, 726586, 726819, 413074, 551530, 552515, 551613, 725837, 412190, 551824, 413341	691	78	8241	2.44639875320049	0.5956775528559131	0.22185325986956672	0.22141481469195887
UP_SEQ_FEATURE	DOMAIN:SAM-dependent MTase RsmB/NOP-type	4	0.4728132387706856	0.0021922258880391968	102655259, 411579, 726212, 410262	691	4	8241	11.926193921852388	0.6706004938281722	0.22185325986956672	0.22141481469195887
SMART	SM00487:DEXDc	16	1.8912529550827424	0.002333962136308069	409866, 413727, 408524, 726537, 102655407, 726768, 408371, 726586, 726819, 413074, 551530, 552515, 725837, 412190, 551824, 413341	346	79	4042	2.3659910733884537	0.45658181026901057	0.15229102939410152	0.15229102939410152
INTERPRO	IPR023267:RCMT	4	0.4728132387706856	0.002537793788516087	102655259, 411579, 726212, 410262	777	4	8818	11.348777348777348	0.9918533608474895	0.36954181858930407	0.3681753142416415
INTERPRO	IPR001678:MeTrfase_RsmB/NOP2	4	0.4728132387706856	0.002537793788516087	102655259, 411579, 726212, 410262	777	4	8818	11.348777348777348	0.9918533608474895	0.36954181858930407	0.3681753142416415
GOTERM_BP_DIRECT	GO:0006396~RNA processing	10	1.1820330969267139	0.0027331518029799474	100578201, 552554, 413805, 411833, 551321, 413578, 552072, 726212, 408850, 413087	611	33	6458	3.202896394385756	0.7983219780417848	0.17735118366003214	0.17552908245804552
INTERPRO	IPR014014:RNA_helicase_DEAD_Q_motif	9	1.0638297872340425	0.0027970109483660345	409866, 408524, 552515, 412190, 102655407, 726537, 726768, 408371, 726586	777	29	8818	3.5220343496205566	0.9950191777292751	0.3781958375183503	0.37679733204416727
GOTERM_CC_DIRECT	GO:0031428~box C/D snoRNP complex	4	0.4728132387706856	0.0028043098853842044	551992, 413935, 102655272, 100578005	661	4	7247	10.963691376701968	0.5583336537691761	0.08160541766468035	0.07936196975637298
INTERPRO	IPR014001:Helicase_ATP-bd	16	1.8912529550827424	0.0037614566813636598	409866, 413727, 408524, 726537, 102655407, 726768, 408371, 726586, 726819, 413074, 551530, 552515, 725837, 412190, 551824, 413341	777	80	8818	2.2697554697554696	0.9992023676514243	0.4746958331880939	0.47294048673679084
GOTERM_BP_DIRECT	GO:0031167~rRNA methylation	5	0.5910165484633569	0.004047576707828663	102655259, 551992, 726163, 102653759, 552043	611	8	6458	6.605973813420623	0.906765488957822	0.22264564734705114	0.22035819206608828
GOTERM_BP_DIRECT	GO:0000398~mRNA splicing, via spliceosome	17	2.0094562647754137	0.004193668015098566	408524, 100579003, 409347, 725880, 413963, 413523, 727087, 409955, 724331, 726336, 551620, 552515, 551756, 102655272, 408606, 412064, 411392	611	83	6458	2.164849249699288	0.9144328961210604	0.22264564734705114	0.22035819206608828
GOTERM_BP_DIRECT	GO:0016579~protein deubiquitination	10	1.1820330969267139	0.005163830012007065	724537, 550664, 408911, 725435, 411121, 413123, 411030, 726488, 552660, 409387	611	36	6458	2.935988361520277	0.9516199173469331	0.2513063939176772	0.24872447891167362
UP_KW_BIOLOGICAL_PROCESS	KW-0508~mRNA splicing	13	1.5366430260047281	0.00605962354409179	411778, 409347, 413963, 411612, 409955, 409476, 409672, 551620, 551331, 550656, 102655272, 408606, 411030	204	52	1930	2.365196078431372	0.313973875282588	0.12523221991123032	0.1211924708818358
GOTERM_CC_DIRECT	GO:0033290~eukaryotic 48S preinitiation complex	6	0.7092198581560284	0.006152353873942625	409258, 409550, 552351, 551184, 726500, 408386	661	14	7247	4.698724875729414	0.834016195420759	0.16275772521066398	0.1582832860296148
GOTERM_BP_DIRECT	GO:0006413~translational initiation	7	0.8274231678486997	0.0064305041781291305	551235, 409550, 724532, 408580, 726428, 551184, 551173	611	19	6458	3.8940477215953138	0.9770397846424641	0.28887803384826244	0.2859101088429721
UP_SEQ_FEATURE	DOMAIN:Helicase ATP-binding	15	1.773049645390071	0.006831610716961298	409866, 413727, 726537, 102655407, 726768, 408371, 726586, 726819, 413074, 551530, 552515, 725837, 412190, 551824, 413341	691	81	8241	2.208554429972664	0.9688411453603775	0.42326378282207267	0.422427293132701
UP_KW_MOLECULAR_FUNCTION	KW-0697~Rotamase	6	0.7092198581560284	0.006942322244505687	726409, 412287, 725976, 727378, 409443, 724326	275	15	3151	4.583272727272727	0.3277280547168039	0.12671187492236738	0.12226584422333694
UP_SEQ_FEATURE	DOMAIN:DEAD-box RNA helicase Q	8	0.9456264775413712	0.00696669151765012	409866, 552515, 412190, 102655407, 726537, 726768, 408371, 726586	691	28	8241	3.407483977672111	0.9709135410236259	0.42326378282207267	0.422427293132701
UP_SEQ_FEATURE	MOTIF:Q motif	8	0.9456264775413712	0.00696669151765012	409866, 552515, 412190, 102655407, 726537, 726768, 408371, 726586	691	28	8241	3.407483977672111	0.9709135410236259	0.42326378282207267	0.422427293132701
GOTERM_MF_DIRECT	GO:0004843~thiol-dependent ubiquitin-specific protease activity	10	1.1820330969267139	0.006985565318606772	724537, 408911, 725435, 725744, 413123, 411030, 726488, 552660, 409387, 412828	614	40	6938	2.8249185667752443	0.9488131865040677	0.42312567072703877	0.42013185701906447
GOTERM_BP_DIRECT	GO:0001510~RNA methylation	6	0.7092198581560284	0.007183815405812656	100578201, 102655259, 551133, 726212, 410262, 413087	611	14	6458	4.529810614916998	0.9852675068308312	0.2996677283567565	0.29658895032569393
UP_SEQ_FEATURE	DOMAIN:AAA+ ATPase	11	1.3002364066193852	0.007528407204345166	551386, 411858, 409544, 551128, 409408, 726816, 410266, 411003, 552166, 551990, 724985	691	50	8241	2.623762662807525	0.9781550538477553	0.42326378282207267	0.422427293132701
GOTERM_BP_DIRECT	GO:0006397~mRNA processing	12	1.4184397163120568	0.008108115141986293	411778, 551530, 725155, 408527, 550656, 102653588, 725419, 411612, 414039, 408705, 411030, 409672	611	52	6458	2.4391287926476144	0.9914564727961143	0.30905545721591393	0.3058802299157504
GOTERM_BP_DIRECT	GO:0006406~mRNA export from nucleus	7	0.8274231678486997	0.008467272800435998	552515, 409647, 102655217, 726338, 409476, 412508, 725830	611	20	6458	3.6993453355155483	0.9930876417858107	0.30905545721591393	0.3058802299157504
GOTERM_MF_DIRECT	GO:0003676~nucleic acid binding	25	2.955082742316785	0.008513483939039695	409833, 408524, 412547, 726537, 102653759, 551530, 725837, 412190, 413245, 412593, 411240, 413727, 100578399, 100578773, 726163, 724620, 102655407, 726768, 408371, 726586, 413074, 726819, 551045, 552515, 411293	614	163	6938	1.7330788753222355	0.9733554484929263	0.4512146487691039	0.448022092291964
GOTERM_CC_DIRECT	GO:0005654~nucleoplasm	14	1.6548463356973995	0.008524659518903384	408589, 413404, 410863, 102655217, 412688, 725047, 724129, 727106, 551531, 724935, 408936, 408826, 410056, 410480	661	69	7247	2.2245170909250365	0.9171985624240704	0.20672299333340707	0.20103988698747147
UP_KW_MOLECULAR_FUNCTION	KW-0347~Helicase	15	1.773049645390071	0.008892061398060869	409866, 413727, 409544, 726537, 102655407, 726768, 408371, 726586, 552515, 551613, 725837, 726816, 412190, 551824, 413341	275	81	3151	2.1218855218855217	0.39897239129732986	0.12671187492236738	0.12226584422333694
UP_SEQ_FEATURE	DOMAIN:Dynamin-type G	4	0.4728132387706856	0.00964130614178286	413438, 410263, 413012, 411472	691	6	8241	7.950795947901591	0.9925695639160842	0.48785009077421276	0.48688596016003444
INTERPRO	IPR025799:Arg_MeTrfase	4	0.4728132387706856	0.011085613087643392	410664, 725362, 408925, 412580	777	6	8818	7.565851565851566	0.9999999993154426	1.0	0.9968287526427061
INTERPRO	IPR030381:G_DYNAMIN_dom	4	0.4728132387706856	0.011085613087643392	413438, 410263, 413012, 411472	777	6	8818	7.565851565851566	0.9999999993154426	1.0	0.9968287526427061
INTERPRO	IPR045063:Dynamin_N	4	0.4728132387706856	0.011085613087643392	413438, 410263, 413012, 411472	777	6	8818	7.565851565851566	0.9999999993154426	1.0	0.9968287526427061
GOTERM_MF_DIRECT	GO:0016274~protein-arginine N-methyltransferase activity	4	0.4728132387706856	0.01120149430400413	410664, 725362, 408925, 412580	614	6	6938	7.533116178067319	0.9915723245142548	0.5277148427664169	0.5239810113317488
GOTERM_CC_DIRECT	GO:0005666~DNA-directed RNA polymerase III complex	6	0.7092198581560284	0.011518507700683214	727025, 552658, 411510, 413688, 725633, 411164	661	16	7247	4.111384266263238	0.9656564012905401	0.25783736468452423	0.2507490522533346
GOTERM_BP_DIRECT	GO:0016180~snRNA processing	4	0.4728132387706856	0.01348931374236439	551355, 551745, 551270, 100576359	611	6	6458	7.046372067648664	0.9996455544544128	0.46339760150240017	0.45863666724038926
GOTERM_MF_DIRECT	GO:0008757~S-adenosylmethionine-dependent methyltransferase activity	11	1.3002364066193852	0.01418596664294681	100578201, 409833, 102655259, 551133, 551992, 726163, 410673, 726212, 410262, 410839, 413087	614	52	6938	2.390315710348284	0.9976607406290896	0.6014849856609448	0.5972291956680608
UP_KW_BIOLOGICAL_PROCESS	KW-0811~Translocation	8	0.9456264775413712	0.014772332281597678	409734, 726131, 552256, 102655217, 726569, 726338, 100576125, 726498	204	26	1930	2.9110105580693815	0.6025622044200403	0.228971150364764	0.22158498422396516
UP_SEQ_FEATURE	DOMAIN:USP	7	0.8274231678486997	0.015017741782177012	724537, 408911, 725435, 413123, 411030, 726488, 552660	691	25	8241	3.3393342981186684	0.9995270944472806	0.6690605147971482	0.6677382608153356
GOTERM_CC_DIRECT	GO:0016607~nuclear speck	6	0.7092198581560284	0.015120639832246454	411778, 550656, 725419, 727087, 409955, 409672	661	17	7247	3.869538132953635	0.98812965004781	0.31429329937026557	0.30565293375183905
INTERPRO	IPR001394:Peptidase_C19_UCH	7	0.8274231678486997	0.015453875282535442	724537, 408911, 725435, 413123, 411030, 726488, 552660	777	24	8818	3.31006006006006	0.999999999999843	1.0	0.9968287526427061
GOTERM_CC_DIRECT	GO:0032039~integrator complex	5	0.5910165484633569	0.01863441834418458	551355, 551745, 413625, 408448, 551270	661	12	7247	4.568204740292487	0.9958046392206361	0.33891348363485707	0.32959627446276474
GOTERM_CC_DIRECT	GO:0005736~DNA-directed RNA polymerase I complex	5	0.5910165484633569	0.01863441834418458	725719, 727025, 411510, 725633, 725216	661	12	7247	4.568204740292487	0.9958046392206361	0.33891348363485707	0.32959627446276474
INTERPRO	IPR028889:USP_dom	7	0.8274231678486997	0.01886107527491601	724537, 408911, 725435, 413123, 411030, 726488, 552660	777	25	8818	3.1776576576576576	0.9999999999999998	1.0	0.9968287526427061
GOTERM_BP_DIRECT	GO:0006457~protein folding	11	1.3002364066193852	0.019125391266238932	551893, 551436, 551720, 726409, 411359, 550968, 551769, 408706, 727378, 724326, 551295	611	51	6458	2.2797086101216264	0.9999875865344906	0.620512694415752	0.6141375639936725
UP_SEQ_FEATURE	DOMAIN:DNA-directed RNA polymerase subunit 2 hybrid-binding	3	0.3546099290780142	0.01983380972718819	725719, 552156, 552658	691	3	8241	11.92619392185239	0.9999604034565702	0.6690605147971482	0.6677382608153356
UP_SEQ_FEATURE	DOMAIN:PWI	3	0.3546099290780142	0.01983380972718819	725155, 408705, 408606	691	3	8241	11.92619392185239	0.9999604034565702	0.6690605147971482	0.6677382608153356
UP_SEQ_FEATURE	DOMAIN:RNA polymerase beta subunit protrusion	3	0.3546099290780142	0.01983380972718819	725719, 552156, 552658	691	3	8241	11.92619392185239	0.9999604034565702	0.6690605147971482	0.6677382608153356
UP_SEQ_FEATURE	DOMAIN:RNA polymerase Rpb2	3	0.3546099290780142	0.01983380972718819	725719, 552156, 552658	691	3	8241	11.92619392185239	0.9999604034565702	0.6690605147971482	0.6677382608153356
INTERPRO	IPR015712:DNA-dir_RNA_pol_su2	3	0.3546099290780142	0.021847424846618717	725719, 552156, 552658	777	3	8818	11.348777348777348	1.0	1.0	0.9968287526427061
INTERPRO	IPR007642:RNA_pol_Rpb2_2	3	0.3546099290780142	0.021847424846618717	725719, 552156, 552658	777	3	8818	11.348777348777348	1.0	1.0	0.9968287526427061
INTERPRO	IPR007148:SSU_processome_Utp12	3	0.3546099290780142	0.021847424846618717	552439, 551087, 409353	777	3	8818	11.348777348777348	1.0	1.0	0.9968287526427061
INTERPRO	IPR007645:RNA_pol_Rpb2_3	3	0.3546099290780142	0.021847424846618717	725719, 552156, 552658	777	3	8818	11.348777348777348	1.0	1.0	0.9968287526427061
INTERPRO	IPR037033:DNA-dir_RNAP_su2_hyb_sf	3	0.3546099290780142	0.021847424846618717	725719, 552156, 552658	777	3	8818	11.348777348777348	1.0	1.0	0.9968287526427061
INTERPRO	IPR007120:DNA-dir_RNAP_su2_dom	3	0.3546099290780142	0.021847424846618717	725719, 552156, 552658	777	3	8818	11.348777348777348	1.0	1.0	0.9968287526427061
INTERPRO	IPR007641:RNA_pol_Rpb2_7	3	0.3546099290780142	0.021847424846618717	725719, 552156, 552658	777	3	8818	11.348777348777348	1.0	1.0	0.9968287526427061
INTERPRO	IPR007121:RNA_pol_bsu_CS	3	0.3546099290780142	0.021847424846618717	725719, 552156, 552658	777	3	8818	11.348777348777348	1.0	1.0	0.9968287526427061
INTERPRO	IPR007644:RNA_pol_bsu_protrusion	3	0.3546099290780142	0.021847424846618717	725719, 552156, 552658	777	3	8818	11.348777348777348	1.0	1.0	0.9968287526427061
INTERPRO	IPR014724:RNA_pol_RPB2_OB-fold	3	0.3546099290780142	0.021847424846618717	725719, 552156, 552658	777	3	8818	11.348777348777348	1.0	1.0	0.9968287526427061
GOTERM_MF_DIRECT	GO:0032549~ribonucleoside binding	3	0.3546099290780142	0.022011141837992937	725719, 552156, 552658	614	3	6938	11.299674267100977	0.999920278291331	0.8484294672099096	0.8424264285268206
GOTERM_CC_DIRECT	GO:0044611~nuclear pore inner ring	3	0.3546099290780142	0.02334365405193958	412721, 411474, 411918	661	3	7247	10.963691376701968	0.9989651988519797	0.3995884311243775	0.3886031821587589
UP_SEQ_FEATURE	DOMAIN:Methyltransferase	4	0.4728132387706856	0.023773535961868927	725362, 410673, 410839, 412580	691	8	8241	5.963096960926194	0.9999948406886631	0.7518380747941048	0.750352228796488
UP_KW_LIGAND	KW-0949~S-adenosyl-L-methionine	8	0.9456264775413712	0.024317648196946325	409833, 410388, 412027, 409857, 412107, 409098, 551911, 102655244	169	37	2102	2.6892691508076125	0.4596051046581796	0.6079412049236581	0.6079412049236581
UP_KW_CELLULAR_COMPONENT	KW-0271~Exosome	4	0.4728132387706856	0.024393314891963305	411836, 413313, 412345, 552072	370	8	4361	5.893243243243243	0.5233023329718545	0.24393314891963305	0.23580204395564527
GOTERM_CC_DIRECT	GO:0005852~eukaryotic translation initiation factor 3 complex	5	0.5910165484633569	0.02501818973079393	409258, 409550, 552351, 551184, 408386	661	13	7247	4.216804375654603	0.9993719627695564	0.40446073398116855	0.3933415385452601
GOTERM_BP_DIRECT	GO:0006999~nuclear pore organization	3	0.3546099290780142	0.025048357998600085	410972, 411918, 100576125	611	3	6458	10.569558101472996	0.999999640996317	0.6965829081515452	0.6894262344376595
GOTERM_BP_DIRECT	GO:0033108~mitochondrial respiratory chain complex assembly	3	0.3546099290780142	0.025048357998600085	412212, 102654681, 413450	611	3	6458	10.569558101472996	0.999999640996317	0.6965829081515452	0.6894262344376595
GOTERM_BP_DIRECT	GO:0008053~mitochondrial fusion	3	0.3546099290780142	0.025048357998600085	410961, 413438, 410263	611	3	6458	10.569558101472996	0.999999640996317	0.6965829081515452	0.6894262344376595
INTERPRO	IPR041569:AAA_lid_3	6	0.7092198581560284	0.026481423451885165	551386, 411858, 551128, 409408, 411003, 552166	777	20	8818	3.4046332046332046	1.0	1.0	0.9968287526427061
INTERPRO	IPR027417:P-loop_NTPase	56	6.619385342789598	0.026746475785175704	408524, 411858, 413438, 408328, 726537, 726456, 551235, 412190, 725837, 551834, 551835, 102656465, 413727, 102656733, 412638, 409408, 409285, 102655407, 726768, 552166, 551990, 724985, 552433, 551980, 551386, 552515, 410263, 410266, 411355, 412289, 411156, 551824, 413531, 413012, 411472, 725745, 551530, 551613, 551930, 410076, 411003, 413341, 409866, 724161, 409305, 410799, 409544, 410676, 408371, 726586, 413074, 726819, 413390, 551128, 726816, 414048	777	483	8818	1.3158002723220115	1.0	1.0	0.9968287526427061
UP_KW_BIOLOGICAL_PROCESS	KW-0804~Transcription	39	4.609929078014184	0.0273000500373246	410305, 411658, 411415, 411756, 411879, 726332, 727025, 411279, 411510, 412027, 102655217, 409098, 550692, 409672, 409170, 411265, 412452, 412332, 725081, 412350, 411627, 409544, 408615, 412613, 411568, 413688, 725633, 725515, 406073, 725696, 552434, 551045, 552458, 550895, 726816, 410541, 408728, 413179, 552839	204	269	1930	1.3716378744806472	0.8202406872027168	0.33852062046282505	0.3276006004478952
GOTERM_MF_DIRECT	GO:0003755~peptidyl-prolyl cis-trans isomerase activity	7	0.8274231678486997	0.027558179505443724	724669, 726409, 412287, 725976, 727378, 409443, 724326	614	27	6938	2.9295451803595123	0.9999928521053879	0.9619670479248374	0.9551606773027279
UP_KW_MOLECULAR_FUNCTION	KW-0689~Ribosomal protein	10	1.1820330969267139	0.029260400524428402	552676, 410678, 727014, 724263, 724493, 413398, 410727, 411618, 113218524, 552152	275	51	3151	2.246702317290553	0.8159835985507361	0.311522006551479	0.30059140983037447
GOTERM_MF_DIRECT	GO:0004693~cyclin-dependent protein serine/threonine kinase activity	5	0.5910165484633569	0.029494272695808697	412339, 409590, 409462, 552759, 412560	614	14	6938	4.0355979525360635	0.9999969295959662	0.9619670479248374	0.9551606773027279
GOTERM_CC_DIRECT	GO:0005681~spliceosomal complex	11	1.3002364066193852	0.03134704474010992	408524, 551620, 725880, 551331, 725155, 408527, 413963, 414039, 408705, 551824, 409672	661	57	7247	2.1158000902407306	0.9999056051137615	0.47381382526371674	0.46078801563447364
INTERPRO	IPR018200:USP_CS	6	0.7092198581560284	0.032314722316734865	724537, 408911, 725435, 413123, 726488, 552660	777	21	8818	3.2425078139363857	1.0	1.0	0.9968287526427061
GOTERM_CC_DIRECT	GO:0016282~eukaryotic 43S preinitiation complex	5	0.5910165484633569	0.03256452407310768	409258, 409550, 552351, 551184, 408386	661	14	7247	3.9156040631078453	0.9999345356883768	0.47381382526371674	0.46078801563447364
UP_KW_DOMAIN	KW-0809~Transit peptide	10	1.1820330969267139	0.03256589294652955	551321, 727014, 725659, 551613, 413438, 552656, 410396, 726569, 412212, 410727	329	67	4914	2.2292791362337248	0.43040822995054373	0.18454006003033413	0.18454006003033413
GOTERM_BP_DIRECT	GO:0006405~RNA export from nucleus	4	0.4728132387706856	0.032717867859529404	409734, 412721, 411474, 412464	611	8	6458	5.284779050736498	0.9999999964632709	0.868510674089326	0.8595876192185453
UP_KW_MOLECULAR_FUNCTION	KW-0489~Methyltransferase	10	1.1820330969267139	0.03279179016331358	551992, 412027, 725362, 726163, 412543, 551815, 408925, 551911, 102653759, 412580	275	52	3151	2.203496503496503	0.8505009160472013	0.311522006551479	0.30059140983037447
KEGG_PATHWAY	ame03420:Nucleotide excision repair	11	1.3002364066193852	0.033215641640657816	412339, 552156, 727025, 412613, 412547, 552458, 550895, 410266, 726923, 412593, 551990	302	51	2905	2.074730554473445	0.969171643073927	0.684242217797551	0.684242217797551
INTERPRO	IPR038765:Papain-like_cys_pep_sf	11	1.3002364066193852	0.03518293051627769	413926, 724537, 408911, 725435, 725744, 726735, 413123, 411030, 726488, 552660, 409387	777	60	8818	2.080609180609181	1.0	1.0	0.9968287526427061
SMART	SM00382:AAA	16	1.8912529550827424	0.03652631582078104	411858, 409544, 409408, 552166, 551990, 724985, 551235, 552433, 413390, 551386, 551530, 551128, 726816, 410266, 411003, 411355	346	107	4042	1.7468532224082978	0.9999394376536694	1.0	1.0
GOTERM_BP_DIRECT	GO:0000027~ribosomal large subunit assembly	5	0.5910165484633569	0.03662496737096119	411953, 412688, 410200, 552241, 724610	611	14	6458	3.7748421790974986	0.9999999996686392	0.9299556932452753	0.9204013539311116
UP_SEQ_FEATURE	DOMAIN:Beta-Casp	3	0.3546099290780142	0.03747539356600976	102653588, 551270, 100576359	691	4	8241	8.944645441389293	0.9999999959599061	1.0	1.0
SMART	SM01027:Beta-Casp	3	0.3546099290780142	0.03881731028797749	102653588, 551270, 100576359	346	4	4042	8.761560693641616	0.9999674650189574	1.0	1.0
INTERPRO	IPR022712:Beta_Casp	3	0.3546099290780142	0.04115705590350152	102653588, 551270, 100576359	777	4	8818	8.511583011583012	1.0	1.0	0.9968287526427061
INTERPRO	IPR002483:PWI_dom	3	0.3546099290780142	0.04115705590350152	725155, 408705, 408606	777	4	8818	8.511583011583012	1.0	1.0	0.9968287526427061
INTERPRO	IPR036603:RBP11-like	3	0.3546099290780142	0.04115705590350152	411510, 552458, 725633	777	4	8818	8.511583011583012	1.0	1.0	0.9968287526427061
GOTERM_MF_DIRECT	GO:0034511~U3 snoRNA binding	3	0.3546099290780142	0.04145686070012568	411603, 414048, 551781	614	4	6938	8.474755700325732	0.9999999840285202	1.0	0.9952718676122931
GOTERM_CC_DIRECT	GO:0031429~box H/ACA snoRNP complex	3	0.3546099290780142	0.04388299821907404	413805, 413686, 552781	661	4	7247	8.222768532526477	0.9999978683646571	0.555215325293502	0.5399516737390415
GOTERM_CC_DIRECT	GO:0044613~nuclear pore central transport channel	3	0.3546099290780142	0.04388299821907404	409734, 410972, 413378	661	4	7247	8.222768532526477	0.9999978683646571	0.555215325293502	0.5399516737390415
GOTERM_CC_DIRECT	GO:0035098~ESC/E(Z) complex	3	0.3546099290780142	0.04388299821907404	552200, 409170, 551412	661	4	7247	8.222768532526477	0.9999978683646571	0.555215325293502	0.5399516737390415
UP_SEQ_FEATURE	COMPBIAS:Basic and acidic residues	201	23.75886524822695	0.04443127073715287	411415, 102654640, 552490, 412508, 412191, 412190, 102654083, 100578399, 100579003, 102656934, 413963, 409560, 726768, 551151, 552112, 551148, 551941, 552358, 408347, 409558, 413858, 727087, 409550, 552231, 725587, 409672, 551383, 414039, 100188940, 409668, 726782, 724129, 725696, 724119, 552332, 551128, 414048, 410480, 726178, 412027, 726174, 726735, 726058, 724669, 552167, 413245, 552604, 725081, 102654312, 413805, 411627, 408957, 410413, 409240, 725515, 552280, 552166, 411192, 550656, 410780, 408705, 413376, 408826, 410541, 408706, 100576457, 411756, 413935, 413931, 725546, 726756, 724331, 551184, 412607, 409353, 551612, 725419, 410672, 412053, 100578773, 410799, 409347, 100578651, 409229, 409462, 724685, 406073, 552265, 551173, 725895, 726500, 100820634, 411091, 725528, 726619, 726497, 412348, 413557, 725047, 410968, 551557, 551558, 552765, 412594, 412470, 412350, 100577220, 725155, 409969, 413688, 412117, 724620, 726800, 726923, 113219250, 551309, 552759, 411392, 409711, 411833, 725061, 411279, 409714, 726272, 411953, 413578, 410863, 726834, 412928, 551781, 727127, 551531, 100576829, 551530, 551896, 725618, 113219042, 726949, 100576700, 413341, 411845, 411603, 412016, 413108, 410875, 410874, 552061, 725976, 727236, 408850, 726028, 726819, 551646, 113219394, 100577135, 100577498, 408565, 410127, 409659, 408448, 412665, 409098, 726212, 409532, 409410, 409892, 726336, 551596, 100578226, 408314, 408554, 409643, 413404, 409408, 412676, 411348, 413523, 409647, 552553, 411474, 411355, 551906, 102655244, 551907, 410262, 100578237, 726110, 113219404, 726354, 552551, 551462, 724610, 551213, 551331, 412452, 408777, 102655228, 411806, 551686, 107965041, 410040	691	2157	8241	1.1113421317998746	0.9999999998970713	1.0	1.0
PIR_SUPERFAMILY	PIRSF001467:Peptidylpro_ismrse	3	0.3546099290780142	0.04494748451719697	726409, 727378, 724326	51	5	688	8.094117647058823	0.8848455086358287	1.0	1.0
GOTERM_BP_DIRECT	GO:0031123~RNA 3'-end processing	4	0.4728132387706856	0.04570395399854868	552662, 102653588, 551270, 100576359	611	9	6458	4.697581378432442	0.9999999999986979	1.0	0.9914236706689536
INTERPRO	IPR003960:ATPase_AAA_CS	6	0.7092198581560284	0.046219948451638064	551386, 411858, 551128, 409408, 411003, 552166	777	23	8818	2.9605506127245262	1.0	1.0	0.9968287526427061
GOTERM_BP_DIRECT	GO:0001732~formation of cytoplasmic translation initiation complex	5	0.5910165484633569	0.04632405010755384	409258, 409550, 552351, 551184, 408386	611	15	6458	3.523186033824332	0.9999999999991098	1.0	0.9914236706689536
GOTERM_BP_DIRECT	GO:0000056~ribosomal small subunit export from nucleus	3	0.3546099290780142	0.046977429557443634	409659, 413018, 726338	611	4	6458	7.927168576104746	0.9999999999994038	1.0	0.9914236706689536
INTERPRO	IPR003593:AAA+_ATPase	16	1.8912529550827424	0.04719582645361081	411858, 409544, 409408, 552166, 551990, 724985, 551235, 552433, 413390, 551386, 551530, 551128, 726816, 410266, 411003, 411355	777	107	8818	1.6970134353311923	1.0	1.0	0.9968287526427061
UP_KW_MOLECULAR_FUNCTION	KW-0156~Chromatin regulator	8	0.9456264775413712	0.047779185475835956	409544, 412027, 409170, 726816, 410874, 102655217, 413341, 102655244	275	39	3151	2.3503962703962706	0.9386171263947011	0.38905908173180703	0.3754078858815682
UP_KW_BIOLOGICAL_PROCESS	KW-0805~Transcription regulation	34	4.0189125295508275	0.0494969965823367	410305, 411658, 411415, 411756, 411879, 726332, 411279, 412027, 102655217, 409098, 409672, 551896, 409170, 411265, 412452, 412332, 725081, 412350, 411627, 409544, 408615, 412613, 411568, 725515, 406073, 725696, 552434, 551045, 550895, 726816, 410541, 408728, 413179, 552839	204	238	1930	1.3515406162464985	0.957034823843487	0.5114689646841459	0.494969965823367
GOTERM_MF_DIRECT	GO:0031490~chromatin DNA binding	4	0.4728132387706856	0.0514615810916152	726332, 409170, 724620, 726923	614	10	6938	4.5198697068403915	0.999999999813238	1.0	0.9952718676122931
GOTERM_CC_DIRECT	GO:0000176~nuclear exosome (RNase complex)	4	0.4728132387706856	0.055543474683411226	411836, 413313, 412345, 552072	661	10	7247	4.385476550680787	0.9999999400272845	0.6465260453149066	0.628752133416215
GOTERM_CC_DIRECT	GO:0031011~Ino80 complex	4	0.4728132387706856	0.055543474683411226	552310, 409544, 411279, 726816	661	10	7247	4.385476550680787	0.9999999400272845	0.6465260453149066	0.628752133416215
UP_SEQ_FEATURE	DOMAIN:Brix	3	0.3546099290780142	0.05903280790001942	411856, 411953, 410875	691	5	8241	7.155716353111433	0.9999999999999575	1.0	1.0
UP_SEQ_FEATURE	DOMAIN:Radical SAM core	3	0.3546099290780142	0.05903280790001942	413250, 410388, 100576866	691	5	8241	7.155716353111433	0.9999999999999575	1.0	1.0
UP_SEQ_FEATURE	DOMAIN:Tim10-like	3	0.3546099290780142	0.05903280790001942	726131, 726061, 726498	691	5	8241	7.155716353111433	0.9999999999999575	1.0	1.0
GOTERM_BP_DIRECT	GO:0006914~autophagy	6	0.7092198581560284	0.05955629812055353	725184, 726497, 552315, 409186, 413467, 412386	611	23	6458	2.7572760264712164	0.9999999999999998	1.0	0.9914236706689536
UP_KW_CELLULAR_COMPONENT	KW-1000~Mitochondrion outer membrane	5	0.5910165484633569	0.05966610789824757	411858, 412666, 410263, 409295, 726081	370	18	4361	3.274024024024024	0.842070709205106	0.4474958092368568	0.43257928226229486
UP_SEQ_FEATURE	ACT_SITE:Nucleophile	10	1.1820330969267139	0.06039486868753318	552236, 102655259, 551379, 411579, 725744, 551835, 726212, 411392, 410262, 413087	691	60	8241	1.9876989869753978	0.9999999999999796	1.0	1.0
SMART	SM00879:Brix	3	0.3546099290780142	0.06108764233358709	411856, 411953, 410875	346	5	4042	7.009248554913294	0.9999999283626697	1.0	1.0
SMART	SM00729:Elp3	3	0.3546099290780142	0.06108764233358709	413250, 410388, 100576866	346	5	4042	7.009248554913294	0.9999999283626697	1.0	1.0
GOTERM_BP_DIRECT	GO:0015031~protein transport	16	1.8912529550827424	0.06311121812841769	409734, 726131, 100577135, 726364, 726061, 411125, 409229, 412842, 102655217, 726338, 552280, 726498, 726432, 552010, 413378, 100576125	611	104	6458	1.6260858617650762	1.0	1.0	0.9914236706689536
GOTERM_MF_DIRECT	GO:0004197~cysteine-type endopeptidase activity	6	0.7092198581560284	0.06399804131428925	724537, 100576484, 408911, 725435, 726488, 552660	614	25	6938	2.7119218241042344	0.9999999999993373	1.0	0.9952718676122931
INTERPRO	IPR004217:Tim10-like	3	0.3546099290780142	0.06464233443094454	726131, 726061, 726498	777	5	8818	6.809266409266409	1.0	1.0	0.9968287526427061
INTERPRO	IPR013105:TPR_2	3	0.3546099290780142	0.06464233443094454	102656934, 551897, 412287	777	5	8818	6.809266409266409	1.0	1.0	0.9968287526427061
INTERPRO	IPR024936:Cyclophilin-type_PPIase	3	0.3546099290780142	0.06464233443094454	726409, 727378, 724326	777	5	8818	6.809266409266409	1.0	1.0	0.9968287526427061
INTERPRO	IPR006638:Elp3/MiaA/NifB-like_rSAM	3	0.3546099290780142	0.06464233443094454	413250, 410388, 100576866	777	5	8818	6.809266409266409	1.0	1.0	0.9968287526427061
INTERPRO	IPR035427:Tim10-like_dom_sf	3	0.3546099290780142	0.06464233443094454	726131, 726061, 726498	777	5	8818	6.809266409266409	1.0	1.0	0.9968287526427061
INTERPRO	IPR007109:Brix	3	0.3546099290780142	0.06464233443094454	411856, 411953, 410875	777	5	8818	6.809266409266409	1.0	1.0	0.9968287526427061
INTERPRO	IPR007197:rSAM	3	0.3546099290780142	0.06464233443094454	413250, 410388, 100576866	777	5	8818	6.809266409266409	1.0	1.0	0.9968287526427061
GOTERM_MF_DIRECT	GO:0043021~ribonucleoprotein complex binding	3	0.3546099290780142	0.06509983356056678	551531, 413404, 724129	614	5	6938	6.779804560260586	0.9999999999995978	1.0	0.9952718676122931
GOTERM_MF_DIRECT	GO:0008134~transcription factor binding	4	0.4728132387706856	0.06624904934978637	412348, 725618, 100576967, 727127	614	11	6938	4.108972460763992	0.9999999999997612	1.0	0.9952718676122931
UP_KW_LIGAND	KW-0004~4Fe-4S	6	0.7092198581560284	0.0670858263047293	413250, 410207, 410388, 551204, 412289, 100576866	169	28	2102	2.665257819103973	0.8237852397923127	0.8385728288091162	0.8385728288091162
KEGG_PATHWAY	ame03015:mRNA surveillance pathway	12	1.4184397163120568	0.06737209784388912	409558, 409866, 724628, 411778, 411879, 725155, 552515, 102653588, 413378, 100576967, 409476, 409672	302	65	2905	1.7758532857870608	0.99924148240869	1.0	1.0
GOTERM_CC_DIRECT	GO:0034388~Pwp2p-containing subcomplex of 90S preribosome	3	0.3546099290780142	0.0687808916032106	411026, 552439, 551087	661	5	7247	6.57821482602118	0.9999999990135007	0.7413051650568254	0.720925641618837
GOTERM_CC_DIRECT	GO:0036396~MIS complex	3	0.3546099290780142	0.0687808916032106	411612, 552765, 551911	661	5	7247	6.57821482602118	0.9999999990135007	0.7413051650568254	0.720925641618837
GOTERM_CC_DIRECT	GO:0005665~DNA-directed RNA polymerase II, core complex	4	0.4728132387706856	0.07135883156581899	552156, 727025, 412547, 552458	661	11	7247	3.9867968642552607	0.9999999995597002	0.7416221423447615	0.7212339047545276
GOTERM_BP_DIRECT	GO:0043928~exonucleolytic nuclear-transcribed mRNA catabolic process involved in deadenylation-dependent decay	3	0.3546099290780142	0.07346174984050641	411836, 551045, 413313	611	5	6458	6.341734860883797	1.0	1.0	0.9914236706689536
GOTERM_BP_DIRECT	GO:0000466~maturation of 5.8S rRNA from tricistronic rRNA transcript (SSU-rRNA, 5.8S rRNA, LSU-rRNA)	3	0.3546099290780142	0.07346174984050641	551531, 413404, 724129	611	5	6458	6.341734860883797	1.0	1.0	0.9914236706689536
GOTERM_BP_DIRECT	GO:0018216~peptidyl-arginine methylation	3	0.3546099290780142	0.07346174984050641	725362, 408925, 412580	611	5	6458	6.341734860883797	1.0	1.0	0.9914236706689536
UP_KW_BIOLOGICAL_PROCESS	KW-0653~Protein transport	18	2.127659574468085	0.07702695503815138	409734, 726131, 100577135, 726364, 411125, 409229, 412842, 102655217, 413018, 726569, 726338, 726800, 552280, 726498, 726432, 551354, 413378, 100576125	204	113	1930	1.507027589796981	0.9930542506796929	0.6822387446236265	0.6602310431841547
GOTERM_BP_DIRECT	GO:0000463~maturation of LSU-rRNA from tricistronic rRNA transcript (SSU-rRNA, 5.8S rRNA, LSU-rRNA)	4	0.4728132387706856	0.07795515592230869	551531, 413727, 413404, 724129	611	11	6458	3.8434756732629074	1.0	1.0	0.9914236706689536
GOTERM_BP_DIRECT	GO:0016973~poly(A)+ mRNA export from nucleus	4	0.4728132387706856	0.07795515592230869	411735, 552167, 102655217, 551151	611	11	6458	3.8434756732629074	1.0	1.0	0.9914236706689536
GOTERM_MF_DIRECT	GO:0016887~ATPase activity	22	2.6004728132387704	0.07902736424853118	412638, 411858, 409544, 409408, 410676, 552166, 551990, 724985, 551295, 551235, 552433, 413390, 551386, 551530, 551436, 551128, 726816, 550968, 410266, 411003, 411355, 413341	614	172	6938	1.4453071736989622	0.9999999999999993	1.0	0.9952718676122931
GOTERM_CC_DIRECT	GO:0005840~ribosome	19	2.2458628841607564	0.079619220795554	725062, 410678, 408675, 724263, 411103, 726151, 725201, 410727, 411618, 552241, 552152, 552676, 551321, 725659, 552656, 413398, 100577702, 413121, 113218524	661	139	7247	1.4986340730743695	0.9999999999672995	0.7989376983278006	0.7769737753497167
INTERPRO	IPR001440:TPR_1	4	0.4728132387706856	0.08197918467028632	550920, 102656934, 412287, 726081	777	12	8818	3.782925782925783	1.0	1.0	0.9968287526427061
UP_SEQ_FEATURE	DOMAIN:Transcription factor CBF/NF-Y/archaeal histone	3	0.3546099290780142	0.08372855877826672	726619, 409197, 726923	691	6	8241	5.963096960926195	1.0	1.0	1.0
UP_KW_DOMAIN	KW-0853~WD repeat	9	1.0638297872340425	0.08681835426442305	409348, 412931, 413404, 551536, 725546, 551087, 410350, 411240, 409353	329	69	4914	1.948196114708603	0.7864635804168865	0.36897800562379796	0.36897800562379796
GOTERM_CC_DIRECT	GO:0071004~U2-type prespliceosome	4	0.4728132387706856	0.08893363597369279	551331, 413108, 550656, 408850	661	12	7247	3.654563792233989	0.9999999999983055	0.856029541253441	0.8324960830746523
UP_SEQ_FEATURE	DOMAIN:ZAD	6	0.7092198581560284	0.09012133432873176	100576131, 725061, 726979, 100576216, 411960, 725515	691	29	8241	2.4674883976246322	1.0	1.0	1.0
INTERPRO	IPR003958:CBFA_NFYB_domain	3	0.3546099290780142	0.09142069510346401	726619, 409197, 726923	777	6	8818	5.674388674388674	1.0	1.0	0.9968287526427061
UP_SEQ_FEATURE	DOMAIN:RING-type	15	1.773049645390071	0.09366989500131143	412613, 410413, 410808, 409295, 552182, 726432, 724935, 551842, 413103, 413123, 413376, 100576502, 410541, 410772, 102655244	691	114	8241	1.5692360423489984	1.0	1.0	1.0
GOTERM_CC_DIRECT	GO:0005739~mitochondrion	40	4.7281323877068555	0.0964513337886024	409833, 410961, 410388, 726151, 411359, 408328, 726174, 412666, 725922, 409179, 725107, 552152, 409199, 552665, 725659, 551613, 551415, 410396, 552802, 412212, 413264, 409129, 411305, 410612, 408675, 413889, 724164, 724263, 413746, 408955, 409103, 408352, 551321, 551866, 552656, 551622, 551204, 102655284, 411472, 113218524	661	347	7247	1.2638260952970566	0.999999999999848	0.856029541253441	0.8324960830746523
GOTERM_CC_DIRECT	GO:0016593~Cdc73/Paf1 complex	3	0.3546099290780142	0.09707551498750362	551226, 551906, 725696	661	6	7247	5.481845688350984	0.9999999999998757	0.856029541253441	0.8324960830746523
GOTERM_CC_DIRECT	GO:0000812~Swr1 complex	3	0.3546099290780142	0.09707551498750362	409544, 726816, 413341	661	6	7247	5.481845688350984	0.9999999999998757	0.856029541253441	0.8324960830746523
